$SPEC_ID:
xxx
$SPEC_REM:
DET# 1
DETDESC# MULTICAN MCB 1
AP# Maestro Version 5.30
$DATE_MEA:
01/01/2000 02:10:25
$MEAS_TIM:
223 300
$DATA:
0 1023
       0
       0
       0
       0
   64733
   81296
    6634
     760
     650
     747
     878
    1139
    1548
    2001
    2526
    3198
    4146
    4838
    5602
    6050
    6090
    6015
    5483
    4912
    4498
    4045
    3840
    4194
    4756
    6012
    7688
    9887
   12569
   16278
   19798
   23345
   27358
   30482
   32585
   33156
   33064
   31365
   29058
   25884
   21999
   18052
   14440
   11375
    8520
    6219
    4343
    3085
    2314
    1575
    1197
     913
     720
     643
     538
     548
     492
     515
     521
     476
     498
     523
     494
     434
     496
     450
     443
     474
     429
     424
     411
     404
     419
     413
     388
     326
     334
     333
     341
     315
     294
     257
     281
     270
     267
     261
     234
     239
     247
     237
     222
     244
     199
     208
     232
     191
     206
     184
     206
     171
     201
     154
     178
     172
     186
     153
     166
     148
     172
     170
     151
     150
     146
     133
     167
     134
     175
     129
     138
     144
     146
     132
     136
     147
     114
     116
     161
     114
     141
     145
     121
     134
     117
     143
     123
     126
     126
     110
     108
     108
      99
      97
     105
      69
     116
      91
     116
      93
     100
      76
      68
      89
      89
      93
      81
      83
      92
      83
      74
      71
      76
      83
      76
      71
      73
      79
      59
      61
      68
      59
      67
      64
      70
      67
      60
      63
      61
      54
      55
      57
      61
      57
      46
      55
      65
      58
      52
      57
      46
      71
      48
      43
      63
      63
      45
      60
      59
      58
      47
      41
      44
      45
      52
      51
      31
      48
      41
      46
      36
      41
      46
      40
      50
      31
      46
      35
      32
      39
      32
      34
      36
      35
      44
      35
      44
      24
      35
      42
      27
      28
      27
      25
      26
      20
      31
      26
      22
      43
      21
      23
      27
      22
      23
      27
      31
      30
      25
      33
      31
      28
      32
      16
      17
      17
      26
      15
      24
      33
      20
      21
      28
      26
      33
      27
      26
      37
      22
      22
      17
      25
      19
      23
      22
      25
      24
      20
      22
      21
      22
      24
      20
      23
      27
      30
      18
      21
      15
      14
      20
      19
      18
      25
      20
      22
      19
      14
      20
      20
      11
      20
      19
      14
      16
      23
      26
      19
      19
      19
      15
      18
      14
      22
      13
      21
      13
      20
      25
      12
      17
      28
      16
      16
      14
      21
      16
      16
      20
      19
      23
      10
      11
      18
      20
      22
      14
      22
      16
      19
      12
      13
      11
      24
      20
      10
      19
      14
      11
      11
      18
      17
      11
       9
      17
      15
      15
      15
       9
      16
      15
      15
       8
       9
      15
      14
      16
      12
      13
      12
      14
      14
      14
      14
      14
      12
      14
      13
      17
      14
      13
       8
      10
      12
      10
      17
      15
       7
      10
       8
      12
      13
       8
       5
      13
       7
      12
       8
      11
      13
      12
      12
      11
       6
      13
       9
      14
      10
      11
       8
      10
       7
      10
      17
      13
      14
      18
      12
       8
      10
      11
      11
      10
      10
      10
       7
      12
      12
      11
       9
       5
       5
      10
       8
       5
       7
      12
       9
       8
      11
      12
       4
       6
       7
       4
      12
      10
      11
      12
      11
       6
      10
       9
       7
       9
      10
       6
       6
      10
       8
       3
       8
       9
       6
       9
       9
       7
       8
       4
       6
       5
       7
       4
       7
       5
       8
       8
      11
       5
      15
       4
       4
       5
       8
      12
       9
       9
      12
       4
       1
       8
       9
       9
      10
       7
       8
      13
       8
      10
       6
       3
      12
      10
       8
      13
       9
       2
       8
       3
       8
      13
      11
       3
       8
       6
       9
       8
       6
      10
       1
       9
       5
       7
       5
       9
       6
       5
      10
       8
       5
      15
      10
       8
       8
      14
      10
      10
       8
       4
       9
      10
       7
       7
       6
       6
       9
       9
       9
      16
      12
       7
       7
       8
       9
       8
       8
       7
       6
       8
       7
       8
       9
       4
       5
       7
       4
       6
       3
       6
       6
       5
       5
       6
       6
       9
       6
      13
       7
       1
       6
       4
       5
       2
       2
       2
      10
       3
       5
       3
       5
       6
       6
       7
       5
       7
       9
       7
       5
       3
       5
       4
       3
       5
       7
       5
       6
       4
       5
       5
       1
       6
       4
       7
       7
       9
       3
       4
       7
       6
       5
       6
       5
       2
       7
      11
       2
       4
       3
       1
       3
      11
       1
       4
       6
       5
      11
       4
       8
       7
       5
       5
       9
       6
       8
       4
       1
       6
       4
       3
       5
       5
       5
       4
       5
       3
       2
       8
       4
       3
       5
       4
       4
       5
       5
       5
       2
       7
       5
       3
       9
       5
       3
       4
       3
       1
       1
       6
       3
       2
      10
       7
       1
       2
       2
       5
       3
       2
       5
       6
       4
       2
       4
       7
       3
       9
       2
       5
       5
       6
       4
       4
       4
       3
       0
       3
       3
       3
       3
       2
       3
       8
       2
       6
       4
       3
       1
       3
       1
       4
       4
       4
       1
       4
       5
       1
       4
       4
       3
       4
       6
       8
       2
       1
       3
       7
       4
       5
       1
       5
       1
       3
       4
       6
       3
       0
       3
       4
       4
       3
       2
       2
       3
       6
       1
       1
       2
       4
       0
       2
       3
       4
       2
       2
       4
       7
       1
       3
       2
       6
       5
       2
       4
       2
       3
       6
       5
       2
       6
       4
       1
       2
       5
       5
       7
       6
       3
       5
       2
       5
       3
       5
       9
       6
       4
       4
       6
       8
       5
       8
       6
       4
       5
       3
       6
       6
       2
       3
       2
       3
       4
       8
       7
       9
       5
       5
       5
       5
       8
       9
       4
       6
       5
       7
       4
       4
       5
       5
       4
       3
       4
       5
       3
       1
       7
       7
       7
       6
       5
       5
       5
       3
       4
       1
       4
       4
       3
       5
       6
       2
       3
       2
       4
       3
       3
       1
       1
       2
       4
       3
       2
       5
      11
       2
       2
       5
       7
       2
       0
       3
       6
       4
       2
       1
       2
       1
       0
       0
       5
       2
       2
       0
       1
       2
       2
       1
       1
       1
       4
       3
       4
       4
       2
       0
       4
       1
       1
       1
       1
       1
       2
       0
       0
       1
       2
       3
       4
       0
       2
       1
       2
       1
       1
       1
       1
       1
       1
       1
       2
       0
       1
       0
       0
       0
       2
       1
       4
       0
       3
       2
       0
       2
       1
       0
       0
       1
       3
       1
       1
       2
       1
       0
       1
       0
       2
       0
       1
       3
       1
       2
       1
       1
       1
       1
       0
       0
       0
       1
       2
       1
       1
       2
       2
       0
       3
       4
       2
       1
       0
       3
       1
       0
       0
       3
       0
       0
       2
       1
       0
       2
       0
       1
       0
       1
       0
       2
       0
       3
       0
       1
       0
       0
       2
       0
       2
       1
       1
       3
       1
      13
      22
      17
      11
      15
      19
      22
      19
      16
      17
      22
      16
      13
      20
      22
      20
      18
      16
      25
      25
      19
      21
      20
      19
$ROI:
0
$PRESETS:
Real Time
300
0
$ENER_FIT:
0.000000 0.000000
$MCA_CAL:
3
0.000000E+000 0.000000E+000 0.000000E+000
$SHAPE_CAL:
3
0.000000E+000 0.000000E+000 0.000000E+000
