$SPEC_ID:
xxx
$SPEC_REM:
DET# 1
DETDESC# MULTICAN MCB 1
AP# Maestro Version 5.30
$DATE_MEA:
01/01/2000 01:39:54
$MEAS_TIM:
218 300
$DATA:
0 1023
       0
       0
       0
       0
   67780
   85978
    7997
    1055
    1168
    1668
    2367
    3097
    3977
    5068
    5881
    6655
    7301
    7747
    8539
    8731
    8556
    8166
    7420
    6511
    5636
    4979
    4562
    4713
    5205
    6293
    7773
    9999
   13191
   16663
   20389
   24953
   28981
   32641
   35664
   37290
   37600
   36719
   34640
   31131
   27157
   22894
   18726
   14772
   11491
    8395
    6271
    4522
    3224
    2267
    1626
    1192
     917
     765
     688
     578
     620
     592
     578
     541
     550
     517
     498
     500
     450
     495
     528
     466
     502
     488
     460
     447
     468
     385
     414
     407
     421
     359
     347
     313
     335
     298
     298
     295
     283
     248
     259
     247
     204
     226
     207
     215
     214
     208
     207
     211
     205
     212
     210
     179
     205
     183
     176
     175
     163
     162
     180
     172
     159
     179
     168
     154
     140
     140
     126
     156
     149
     141
     131
     142
     152
     152
     137
     121
     123
     112
     123
     127
     148
     111
     128
     132
      99
     131
     103
     130
     118
     114
     100
     123
     129
     112
     102
     105
     115
      89
      94
      91
      75
      86
      91
      90
      84
      71
      74
      94
      95
      74
      89
      86
      84
      81
      55
      85
      66
      77
      70
      59
      67
      57
      58
      64
      78
      62
      64
      70
      53
      58
      45
      67
      52
      41
      63
      59
      55
      58
      70
      57
      49
      59
      53
      47
      52
      42
      55
      42
      57
      30
      46
      46
      43
      49
      51
      37
      56
      42
      39
      42
      35
      43
      38
      38
      31
      43
      32
      36
      36
      36
      40
      36
      38
      24
      41
      36
      35
      31
      32
      21
      33
      29
      42
      29
      27
      25
      27
      33
      27
      36
      25
      27
      24
      25
      42
      25
      34
      28
      21
      31
      24
      34
      24
      25
      31
      26
      28
      24
      29
      18
      28
      27
      27
      19
      28
      27
      21
      19
      21
      22
      13
      24
      17
      21
       9
      28
      24
      14
      17
      27
      32
      19
      24
      26
      16
      19
      22
      21
      25
      27
      19
      24
      18
      27
      21
      16
      28
      33
      13
      12
      19
      19
      14
      26
      21
      17
      19
      25
      12
      15
      24
      25
      19
      18
      11
      17
      11
      20
      18
      17
      18
      17
      11
      15
      29
      23
      16
      24
      19
      15
      12
      25
      18
      13
      16
      17
      12
      18
      14
      15
      17
      21
      15
      12
      18
      14
      22
       9
      14
      18
      19
      12
      18
      22
      23
      19
      11
      20
      16
      12
      14
      18
      13
      15
      13
      12
      22
      13
      20
      12
       9
      15
      10
      17
      12
      15
      16
      14
      20
       7
      11
      16
       6
      10
       8
      10
      13
      15
      13
       8
       8
      15
       9
      15
       7
       7
       6
       6
      10
       9
       7
       6
      14
      14
      11
       5
      10
       4
      12
       9
      10
      14
      16
      14
      10
      13
       8
       9
       7
       5
      15
       8
      11
       9
      15
       8
      10
       9
      11
      12
       5
       2
       7
       3
      10
       4
       5
      10
       7
      10
      16
       9
       7
       7
       9
      10
      12
      11
       3
      10
      11
      12
       8
      10
      18
       8
      10
       7
       7
       4
       5
       8
       5
       7
       1
       7
       8
       4
      16
      11
       7
       9
       1
      14
       9
       8
       6
       7
       8
       9
       4
       9
       7
       8
      10
       7
       8
       3
       4
       4
       9
       7
       7
      11
      11
      11
       8
       5
       5
       7
      12
       4
       8
      10
      13
       3
       5
       2
      10
       6
       5
       6
       7
      12
       8
       4
       8
      12
       2
       4
       7
       6
       9
       6
       6
       5
       5
       8
      10
       8
      11
       6
       4
       8
       7
       4
       6
       8
       9
      10
       6
       5
       6
       3
       9
       5
       6
       7
       3
       3
       6
       7
       6
       7
       7
       8
       5
       3
       7
       8
       7
       7
       9
       3
      10
       7
       7
       5
       7
       4
       1
       8
       7
       7
       3
       4
       5
      10
       7
       2
       3
       8
       5
       3
       7
       5
       8
       4
       7
       1
       3
       8
       3
       5
       6
      11
       8
       5
       5
       6
       4
       3
       4
      13
       4
       3
       8
       2
       6
       2
       2
       9
       4
       0
       4
       3
       2
       6
       7
       3
       4
       6
       4
       6
       2
       2
       3
       4
       5
       6
       1
       1
       1
       8
       6
       6
       3
       8
       7
       5
       4
       6
       4
       5
       7
       7
       6
       5
       4
       5
       6
       5
       4
       5
       7
       3
       5
       8
       6
       8
       5
       2
       2
       3
       5
       4
       5
       6
       4
       6
       5
       6
       6
       5
       3
       3
       7
       4
       4
       5
       2
       6
       2
       6
       4
       4
       5
       5
       6
       5
       4
       1
       7
       1
       3
       3
       3
       2
      10
       2
       1
       7
       4
       1
       3
       4
       3
       5
       3
       1
       5
       4
       3
       4
       3
       3
       2
       5
       2
       3
       4
       4
       3
       6
       3
       1
       1
       6
       4
       2
       3
       3
       5
       5
       5
       3
       3
       2
       3
       3
       2
       1
       3
       5
       3
       5
       4
       1
       3
       1
       3
       3
       3
       1
       3
       5
       2
       2
       3
       3
       2
       3
       5
       5
       2
       4
       2
       2
       4
       2
       8
       3
       2
       2
       3
       2
       3
       3
       3
       2
       2
       3
       8
       1
       2
       1
       4
       6
       3
       5
       2
       3
       4
       5
       2
       2
       5
       3
       6
       3
       8
       5
       4
       5
       1
       4
       3
       5
       3
       4
       4
       3
       9
       5
       4
       3
       8
       3
       5
       8
       5
       4
       2
       4
       7
       8
       4
       6
       5
       6
       6
       5
      14
       2
       4
       7
       5
       4
       4
       9
       4
       5
       1
       8
       1
       4
       1
       3
       7
       4
       3
       4
       7
       5
       9
       1
       3
       5
       3
       5
       7
       8
       2
       1
       1
       1
       3
       1
       1
       2
       2
       3
       2
       1
       6
       3
       6
       1
       3
       4
       2
       2
       0
       3
       2
       3
       5
       3
       1
       2
       3
       3
       3
       5
       2
       0
       2
       1
       1
       2
       0
       0
       2
       3
       1
       1
       0
       1
       3
       1
       3
       1
       0
       2
       1
       1
       0
       1
       0
       1
       0
       1
       2
       1
       2
       0
       2
       0
       0
       0
       1
       1
       0
       2
       0
       1
       0
       0
       0
       2
       0
       2
       1
       2
       1
       0
       3
       0
       2
       0
       0
       0
       0
       2
       0
       0
       2
       2
       2
       1
       1
       0
       0
       0
       2
       0
       0
       0
       0
       0
       0
       1
       2
       0
       0
       0
       1
       2
       1
       1
       0
       1
       0
       1
       1
       0
       2
       0
       0
       0
       2
       1
       0
       0
       2
       2
       0
       3
      17
      15
      26
      14
      14
      18
      16
      18
      21
      13
      22
      16
      16
      17
      13
      15
      18
      15
      12
      13
      21
      16
      18
      12
$ROI:
0
$PRESETS:
Real Time
300
0
$ENER_FIT:
0.000000 0.000000
$MCA_CAL:
3
0.000000E+000 0.000000E+000 0.000000E+000
$SHAPE_CAL:
3
0.000000E+000 0.000000E+000 0.000000E+000
