$SPEC_ID:
xxx
$SPEC_REM:
DET# 1
DETDESC# MULTICAN MCB 1
AP# Maestro Version 5.30
$DATE_MEA:
01/01/2000 02:03:30
$MEAS_TIM:
227 300
$DATA:
0 1023
       0
       0
       0
       0
   58212
   68684
    5258
     568
     486
     621
     695
     895
    1101
    1455
    1909
    2317
    2945
    3606
    4100
    4419
    4533
    4556
    4236
    3809
    3438
    3256
    3025
    3160
    3678
    4645
    6121
    7735
   10081
   12743
   15285
   18387
   21494
   23853
   25581
   26137
   26079
   25132
   23095
   20379
   17359
   14621
   11436
    9035
    6783
    5034
    3626
    2551
    1768
    1325
     952
     748
     586
     520
     552
     456
     467
     461
     466
     422
     439
     458
     455
     422
     470
     426
     382
     403
     374
     364
     358
     357
     374
     358
     326
     351
     333
     342
     296
     275
     273
     285
     241
     256
     245
     258
     233
     224
     250
     208
     198
     227
     197
     194
     210
     225
     211
     209
     170
     191
     185
     199
     182
     214
     192
     172
     186
     176
     152
     173
     166
     165
     181
     140
     145
     168
     145
     133
     143
     130
     132
     145
     131
     149
     138
     143
     124
     148
     137
     141
     126
     127
     118
     114
     103
     107
     117
     109
     104
      96
     101
      86
     115
      90
      95
     100
      94
     106
     109
      93
      86
      85
      97
      80
      93
      80
      71
      82
      79
      78
      68
      84
      76
      79
      80
      72
      67
      92
      63
      51
      70
      67
      67
      67
      50
      65
      61
      56
      49
      63
      63
      64
      59
      76
      56
      47
      55
      51
      50
      41
      34
      58
      46
      63
      50
      51
      48
      43
      57
      42
      34
      38
      44
      54
      38
      57
      39
      47
      38
      42
      40
      39
      33
      41
      47
      27
      40
      38
      37
      40
      37
      47
      41
      33
      37
      25
      40
      24
      29
      33
      17
      27
      30
      28
      32
      25
      20
      18
      33
      29
      22
      28
      33
      29
      34
      24
      29
      22
      15
      30
      27
      35
      19
      24
      27
      22
      20
      25
      25
      22
      32
      22
      26
      25
      27
      24
      32
      22
      26
      18
      27
      25
      32
      27
      19
      20
      14
      14
      17
      21
      27
      27
      15
      28
      21
      15
      23
      14
      17
      28
      20
      24
      20
      21
      17
      21
      32
      25
      16
      13
      19
      23
      14
      14
      27
      19
      24
      16
      15
      19
      17
      18
      17
      21
      15
      18
      19
      18
      19
      28
      19
      21
      12
      19
      27
      22
      21
      11
      31
      16
      20
      19
      13
      20
      11
      16
      15
      23
      16
      17
      16
      17
      12
      21
      24
      18
      18
      15
      28
      16
      18
      11
      21
      19
      14
      12
      18
      14
      23
      10
      13
      16
       9
      17
      18
      13
      10
      16
      12
      11
      16
      14
       9
       7
      11
       9
      11
      14
       8
      10
      13
      10
       6
      13
      18
      15
      13
      14
      10
      11
      18
      10
       7
      10
      18
      11
      20
      16
       7
      11
       8
       6
      12
       4
      13
       7
       6
      12
      15
       7
      10
      14
      15
      11
      10
       6
      12
       7
       5
      11
      13
       9
      10
      10
       9
      10
      11
      10
       8
      12
       4
       7
       9
      19
       8
      11
       5
      11
       6
       7
       7
       6
       8
       4
      11
       8
       6
       9
      15
       5
       5
       7
       9
       8
      11
       6
       6
       6
       8
      11
       8
       6
      10
       8
       5
       8
       6
       6
      13
       8
       4
       9
       7
       7
       3
      13
       7
       4
       9
       4
       8
       5
       6
      12
       5
       5
       5
       9
      11
       8
       8
       8
       6
       4
       2
       9
       8
       6
       9
       6
      10
      11
       6
       9
       5
       5
      10
       7
       7
       4
      11
       2
       2
       5
       4
       6
      11
       9
       4
       4
       5
       7
       4
      10
      11
       7
      11
       7
      14
       3
       9
       8
       8
      12
       7
       4
       5
       6
       7
       5
       3
       9
       5
       5
       5
      10
       5
       7
       8
       6
       4
       6
       2
       9
       4
       4
       8
      10
       6
       3
       8
       4
       7
       2
       3
       3
       5
      10
       7
       6
       9
       3
       3
       0
       9
       3
       4
      16
       6
       4
       2
       3
       1
       5
       4
       4
       7
       9
       4
       5
       9
       6
       2
       5
       5
       3
       6
       6
       4
       6
       7
       2
       7
       4
       7
       7
       9
       5
       5
       5
       8
       5
       6
       3
       6
       2
       5
       3
       8
       6
       3
       4
       4
       3
       5
       5
       5
       5
       2
       4
       6
       3
       5
       3
       4
       8
       8
       5
       5
       7
       8
       4
       7
       5
       2
       3
       5
       6
       6
       3
       5
       2
      10
       6
       3
       8
       4
       4
      13
       4
       4
       3
       5
       2
       5
       4
       8
       7
       7
       5
       4
       7
       3
       3
       6
      10
       3
       7
       6
       3
       5
       4
       4
       6
       7
       3
       5
       5
       5
       3
       6
       2
       6
       2
       7
       3
       2
       3
       4
       4
       3
       4
       1
       2
       2
       6
       3
       1
       3
       1
       5
       1
       6
       1
       3
       1
       1
       4
       3
       3
       5
       3
       4
       2
       5
       5
       3
       2
       3
       1
       4
       4
       2
       5
       0
       6
       5
       6
       6
       3
       1
       3
       3
       4
       2
       4
       1
       4
       4
       1
       6
       2
       5
       2
       5
       3
       3
       3
       4
       4
       5
       3
       2
       3
       3
       1
       2
       1
       2
       5
       3
       6
       3
       4
       3
       0
       1
       5
       2
       2
       2
       9
       3
       2
       5
       6
       9
       6
       3
       6
       6
       4
       5
       8
       4
       4
       9
      12
       4
       7
       3
      10
       7
       4
       4
       5
       7
       6
       8
       2
       6
       4
       5
       6
      12
       4
       7
       9
       6
       2
       6
       6
      10
       6
       3
       8
       4
       6
       4
       5
       6
       4
       6
       4
       3
       5
       6
       5
       1
       7
       3
       6
       5
       5
       3
       3
       5
       4
       4
       5
       4
       6
       4
       4
       0
       2
       7
       1
       4
       4
       1
       5
       2
       2
       6
       0
       2
       3
       4
       2
       3
       1
       0
       2
       0
       1
       3
       3
       3
       2
       3
       2
       2
       1
       2
       1
       2
       2
       0
       2
       0
       2
       1
       0
       1
       0
       1
       3
       2
       2
       1
       0
       2
       1
       2
       2
       1
       0
       0
       0
       0
       2
       3
       0
       1
       1
       1
       0
       1
       1
       0
       2
       3
       1
       2
       2
       2
       2
       0
       0
       0
       5
       0
       1
       0
       1
       1
       0
       1
       3
       0
       2
       1
       0
       0
       2
       3
       1
       1
       0
       3
       1
       1
       1
       3
       1
       2
       1
       1
       1
       4
       2
       1
       0
       1
       1
       0
       0
       0
       1
       1
       2
       2
       2
       1
       0
       1
       0
       2
       0
       1
       1
       0
       3
       0
       1
       0
       0
       3
       0
       0
       1
       0
       2
       0
       3
      19
      19
      15
      16
      16
      16
      25
      17
      13
      16
      11
      22
      28
      22
      20
      21
      16
      13
      17
      10
      10
      16
      23
      23
$ROI:
0
$PRESETS:
Real Time
300
0
$ENER_FIT:
0.000000 0.000000
$MCA_CAL:
3
0.000000E+000 0.000000E+000 0.000000E+000
$SHAPE_CAL:
3
0.000000E+000 0.000000E+000 0.000000E+000
