$SPEC_ID:
xxx
$SPEC_REM:
DET# 1
DETDESC# MULTICAN MCB 1
AP# Maestro Version 5.30
$DATE_MEA:
01/01/2000 01:57:35
$MEAS_TIM:
234 300
$DATA:
0 1023
       0
       0
       0
       0
   51107
   55394
    3775
     442
     350
     419
     555
     617
     723
    1011
    1198
    1468
    1896
    2229
    2596
    2715
    2892
    2832
    2721
    2485
    2229
    1999
    2038
    2184
    2459
    2969
    3944
    5000
    6227
    7917
    9467
   11169
   12832
   14439
   15381
   16179
   15757
   15355
   14077
   12332
   10858
    8898
    7306
    5340
    4312
    3186
    2238
    1713
    1164
     927
     723
     594
     491
     427
     425
     407
     403
     432
     395
     389
     410
     384
     421
     351
     371
     346
     333
     359
     376
     383
     364
     338
     344
     310
     308
     265
     285
     300
     282
     267
     299
     273
     271
     262
     258
     254
     247
     235
     228
     227
     257
     214
     199
     229
     204
     196
     208
     223
     205
     212
     201
     203
     174
     208
     199
     191
     180
     185
     185
     159
     180
     163
     168
     200
     141
     177
     134
     135
     142
     143
     142
     157
     152
     146
     139
     138
     138
     143
     137
     132
     127
     120
     121
     142
     135
     122
     109
     109
     118
      86
     104
     104
     115
     115
     111
      93
      83
      98
      96
      92
      83
      93
     103
      91
      98
      94
      72
      96
      67
      74
      78
      95
      83
      80
      69
      60
      76
      81
      89
      68
      60
      89
      63
      61
      66
      67
      53
      54
      72
      71
      62
      62
      56
      65
      47
      52
      63
      70
      52
      48
      58
      62
      57
      71
      43
      48
      55
      50
      57
      37
      41
      49
      48
      50
      42
      41
      52
      36
      54
      57
      40
      42
      43
      44
      39
      42
      42
      24
      44
      41
      29
      33
      29
      23
      37
      45
      29
      33
      32
      36
      43
      29
      29
      32
      30
      22
      21
      39
      36
      24
      30
      39
      25
      24
      34
      24
      19
      25
      29
      23
      17
      22
      34
      27
      32
      24
      18
      31
      27
      22
      21
      20
      25
      23
      24
      14
      26
      22
      20
      24
      26
      16
      33
      35
      24
      18
      23
      29
      24
      26
      27
      22
      32
      22
      23
      27
      13
      20
      26
      31
      18
      22
      14
      19
      24
      21
      16
      24
      26
      20
      27
      24
      20
      21
      19
      17
      19
       9
      23
      25
      20
      22
      10
      29
      20
      17
      13
      18
      17
      16
      17
      18
      20
      30
      27
      19
      28
      28
      15
      19
      23
      13
      24
      11
      23
      22
      16
      24
      24
      23
      14
      22
      19
      19
      20
      17
      15
      18
      11
      15
      10
      20
      18
      15
       7
      14
      13
      18
      11
      18
       9
      11
      15
       8
      11
      14
      10
      12
      15
      12
      20
      15
      17
      12
       8
      15
      14
       8
      18
      11
      11
      15
      12
      17
      11
      14
       6
      10
       9
       6
      13
      10
       9
       9
      12
       8
      20
      15
       8
      15
      13
      10
      11
       9
       9
       9
      11
       8
      10
      11
      13
      14
      10
       7
      11
      13
       5
      11
       7
       9
       6
      14
      11
      13
       7
      13
      14
      10
       6
      12
       9
      10
       6
       8
      10
      10
      12
       9
       9
       9
       8
       6
       8
       8
      11
       8
      10
      11
      14
      10
       7
      13
       7
       7
       6
       8
      10
       9
       6
       8
       7
      13
       2
      10
       5
       8
       6
       6
      15
       8
       7
       7
      10
      10
       9
       9
       8
      10
      10
       9
      12
       7
       7
       8
       2
       4
       5
       9
       7
       4
       8
      11
       6
      12
       6
      10
       7
       9
       5
       4
       7
      11
       7
       8
       2
       7
      11
       8
      13
       5
       8
       5
      16
       8
      12
       8
      13
       6
       8
       8
       8
      11
       5
       4
       9
       7
       5
       8
       4
       5
       4
       6
       9
       9
       9
       8
      10
       7
       5
       7
       9
      12
       2
      11
       7
       7
      14
       6
       5
      10
       6
       7
       6
       5
      10
       6
       7
       3
       8
       5
       3
       6
       3
       8
      12
       3
       5
       7
       7
       5
       4
       4
      12
       4
       7
       6
       7
       4
       3
       2
       5
       5
       5
      10
       8
       6
       5
       5
       5
       8
       8
       5
       8
       8
       2
       2
       4
       5
       5
       9
       3
       4
       3
       4
       9
       6
       1
       4
       3
       4
       6
       7
       8
       4
       2
       3
       6
       2
       5
       7
      10
       4
       9
       7
       4
       6
       7
       5
       7
       2
       2
       3
       4
       7
       8
       7
       4
       5
       7
       6
       9
       6
       6
       5
       6
       5
       5
       3
       5
       2
       7
       1
       5
       9
       3
       8
       4
       7
       4
       6
       4
       6
       6
       6
       6
       3
       4
       4
       5
       5
       5
       7
       4
       5
       2
       3
       5
       2
       4
       1
       6
       5
       4
       5
       2
       5
       3
       2
       6
       6
       3
       2
       4
       4
       5
       5
       2
       5
       5
       6
       1
       4
       3
       6
       6
       5
       1
       3
       5
       6
       1
       4
       5
       3
       3
       4
       2
       4
       3
       3
       7
       0
       0
       6
       4
       3
       4
       4
       1
       2
       2
       4
       2
       0
       5
       3
       2
      10
       3
       2
       3
       7
       1
       7
       3
       4
       4
       3
       3
       1
       1
       4
       6
       3
       5
       2
       2
       1
       1
       5
       3
       1
       5
       2
       5
       2
       3
       5
       6
      10
       3
       2
       2
       3
       3
       5
       2
       2
       8
       2
       4
       3
       2
       5
       2
       2
       4
       4
      11
       9
       6
       5
       4
       2
       3
       7
       4
       7
       4
       1
       5
       4
       3
       2
       5
       6
       5
       4
       6
       4
       4
       7
       2
       6
       4
       1
       4
       9
       6
       5
       5
       5
       7
      10
       4
       3
       5
       3
       5
       4
       6
       2
       2
       5
       5
       2
       3
       3
       0
       0
       5
       4
       3
       2
       5
       1
       3
       3
       4
       2
       6
       4
       4
       1
       5
       3
       2
       6
       2
       2
       5
       3
       2
       4
       4
       2
       1
       2
       1
       3
       2
       2
       2
       0
       0
       3
       3
       2
       0
       2
       1
       2
       1
       1
       2
       0
       6
       2
       0
       3
       4
       1
       0
       3
       4
       2
       2
       3
       1
       0
       1
       2
       0
       1
       1
       1
       0
       0
       2
       2
       1
       1
       3
       2
       0
       0
       0
       0
       1
       0
       1
       1
       3
       1
       0
       4
       2
       4
       0
       1
       0
       2
       2
       2
       0
       1
       1
       2
       0
       0
       0
       3
       2
       0
       3
       2
       0
       1
       0
       0
       1
       0
       0
       5
       0
       0
       3
       2
       2
       4
       2
       1
       1
       2
       2
       0
       3
       0
       1
       0
       1
       0
       1
       1
       3
       2
       1
       1
       0
       1
       1
       1
       1
       3
       1
       0
       1
       1
       1
       1
       1
       0
       1
       1
       1
       0
      13
      16
      24
      14
      15
      18
       9
      20
       9
      15
      18
      22
      12
      10
      16
      21
      19
      24
       8
      19
      17
      16
      18
      20
$ROI:
0
$PRESETS:
Real Time
300
0
$ENER_FIT:
0.000000 0.000000
$MCA_CAL:
3
0.000000E+000 0.000000E+000 0.000000E+000
$SHAPE_CAL:
3
0.000000E+000 0.000000E+000 0.000000E+000
