$SPEC_ID:
xxx
$SPEC_REM:
DET# 1
DETDESC# MULTICAN MCB 1
AP# Maestro Version 5.30
$DATE_MEA:
01/01/2000 01:50:26
$MEAS_TIM:
240 300
$DATA:
0 1023
       0
       0
       0
       0
   60237
   60669
    3742
     403
     316
     316
     424
     505
     595
     721
     910
    1058
    1217
    1392
    1609
    1798
    1793
    1752
    1673
    1563
    1429
    1442
    1442
    1483
    1776
    2190
    2695
    3392
    4132
    5058
    6158
    7209
    8089
    8833
    9574
    9896
    9618
    9444
    8818
    7937
    6814
    5494
    4512
    3582
    2711
    2046
    1581
    1160
     878
     655
     580
     469
     443
     418
     376
     380
     401
     395
     367
     382
     389
     372
     339
     375
     339
     387
     342
     315
     338
     337
     337
     286
     345
     291
     330
     269
     314
     283
     300
     280
     267
     264
     252
     260
     264
     236
     259
     245
     267
     221
     221
     256
     239
     240
     212
     218
     235
     209
     183
     192
     209
     184
     198
     177
     189
     176
     169
     152
     190
     165
     187
     165
     174
     169
     153
     153
     144
     139
     167
     166
     142
     157
     124
     144
     146
     130
     105
     138
     163
     131
     149
     108
     128
     125
     114
     135
     128
     119
     104
      97
     114
     112
     126
     119
      94
      94
     109
     110
     109
     101
     103
     117
      80
      97
      94
      90
      71
      87
      83
      80
      94
      92
      72
      71
      74
      74
      75
      86
      84
      63
      61
      78
      87
      61
      86
      81
      66
      74
      68
      73
      53
      50
      60
      65
      69
      56
      67
      58
      63
      73
      58
      60
      52
      52
      62
      48
      50
      55
      45
      53
      61
      54
      49
      50
      45
      49
      48
      43
      54
      43
      45
      49
      49
      46
      38
      39
      36
      37
      43
      38
      39
      47
      41
      27
      37
      29
      45
      32
      36
      32
      39
      30
      26
      30
      20
      28
      36
      30
      32
      28
      32
      43
      27
      32
      29
      23
      17
      20
      22
      32
      26
      26
      30
      16
      22
      21
      22
      36
      24
      24
      28
      21
      32
      22
      27
      31
      27
      21
      33
      35
      25
      28
      22
      25
      23
      24
      25
      28
      25
      25
      31
      21
      26
      11
      18
      20
      19
      24
      18
      28
      20
      13
      22
      19
      24
      17
      27
      26
      29
      19
      22
      17
      21
      21
      21
      20
      19
      15
      20
      21
      23
      23
      24
      16
      23
      23
      15
      13
      19
      19
      20
      25
      18
      17
      31
      35
      20
      18
      17
      21
      22
      20
      21
      24
      17
      17
      24
      21
      18
      17
      26
      11
      16
      19
      19
      18
      24
      19
      18
      18
      11
      14
      10
      22
      22
      15
      12
      23
       9
      16
      13
      15
       7
      20
      16
      13
      17
      19
      15
      17
      17
       4
      20
       9
      18
      16
      11
      10
      12
      11
      14
       8
       8
      10
      11
      13
      11
      11
      14
       8
      10
       6
      11
      10
      13
       6
       8
      12
      12
      12
       7
      14
      15
      13
      12
      21
      12
      15
      12
      10
      14
      11
       9
      13
      10
      14
      12
      12
       6
      14
      13
      11
       7
      13
      13
      11
      11
      13
       7
       9
      10
      11
      11
       7
      10
      11
       9
       7
      10
       8
       3
       6
       4
      14
      10
       8
      13
       7
      10
       5
      11
      12
       6
       9
       8
       7
      13
      13
       5
      11
       8
       1
       9
      16
       8
       6
       7
       6
       8
      12
       7
       7
      11
      13
       8
       7
       9
       8
       5
       7
       3
       7
       8
       8
       5
       9
       9
       5
       3
      14
      14
       8
       5
      12
       8
      10
      12
       9
      12
      12
      10
       7
       6
      10
      12
       4
       6
       7
       5
       7
       6
      10
       8
      10
      14
       5
       4
       8
      10
       3
       7
       2
       3
       5
       7
      10
       4
       6
       2
       8
       8
       6
       7
      12
       3
       8
       5
       7
       9
      11
      11
       5
       7
       5
       6
       2
       4
      10
       4
       6
       9
       7
       5
       6
      10
       9
       9
       4
       1
       7
       4
       5
       6
       6
       4
       7
       5
      10
      11
       7
       6
       8
       9
       3
       3
       3
       5
       2
       8
       7
       6
       5
       5
       4
       3
      11
       6
       7
       6
       2
      10
       7
       3
       5
       7
      10
       5
       6
       4
       7
      12
       6
       5
       8
       9
      11
      10
       5
       7
       3
       2
       5
       8
       6
       6
       5
       4
       2
       6
       1
       3
       2
       5
       9
       5
       5
      11
       6
       7
       6
       3
       2
      12
       9
       4
       3
       4
       4
       7
       1
       2
       8
       3
       4
       3
       6
       3
       3
      10
       7
       6
       9
       7
       4
       4
       6
       3
       6
       4
       5
       5
       3
      10
       5
       6
       3
       7
       6
       4
       4
       8
       2
       5
       4
       9
       8
       2
       2
      10
       9
       3
       7
       1
       2
       5
       6
       4
       5
       3
       6
       2
       4
       3
       3
       8
       5
       5
       2
       4
       0
       5
       4
       4
       6
       5
       8
       3
       3
       4
       4
       1
       2
       1
       2
       1
       1
       2
       2
       6
       3
       8
       6
       0
       3
       0
       4
       4
       1
       4
       2
       6
       4
       2
       7
       3
       0
       5
       2
       2
       4
       1
       3
       3
       3
       3
       4
       3
       4
       2
       5
       6
       3
       3
       7
       2
       4
       5
       2
       2
       2
       5
       6
       2
       3
       4
       3
       3
       2
       4
       6
       6
       4
       2
       4
       0
       2
       3
       4
       6
       7
       2
       3
       2
       4
       9
       3
       8
       6
       7
       3
       3
       6
      10
       9
       9
       6
      10
       6
       2
       5
       6
       4
       5
       3
      11
       6
       7
       7
       3
       5
       4
       4
       2
       7
       6
       9
       5
       7
       4
       6
       3
       6
       7
       7
       9
       5
       3
       8
      10
       3
       5
       6
       3
       7
       7
       8
       3
       2
       6
       7
       4
       4
       4
       5
       4
       1
       4
       4
       6
       5
       7
       4
       7
       2
       2
       0
       0
       0
       5
       3
       2
       2
       2
       3
       1
       1
       3
       2
       1
       2
       2
       3
       0
       3
       3
       0
       1
       3
       3
       2
       0
       1
       2
       0
       2
       2
       4
       0
       3
       1
       1
       3
       2
       3
       2
       2
       1
       0
       3
       2
       0
       1
       0
       0
       2
       0
       3
       2
       1
       0
       4
       3
       0
       2
       0
       5
       0
       2
       0
       2
       0
       1
       2
       1
       1
       3
       1
       0
       0
       0
       1
       1
       1
       0
       1
       1
       2
       2
       0
       0
       1
       1
       2
       0
       3
       0
       1
       0
       3
       3
       3
       4
       3
       0
       0
       0
       1
       3
       0
       1
       3
       2
       1
       1
       2
       1
       0
       1
       0
       3
       1
       0
       1
       0
       3
       1
       0
       0
       0
       0
       0
       0
       1
       1
       2
       0
       0
       1
       0
       0
       0
       0
       4
       1
       1
       0
      29
      19
      16
      22
      17
      13
      16
      17
      17
      25
      27
      20
      25
      18
      16
      18
      17
      20
      29
      14
      21
      25
      21
      13
$ROI:
0
$PRESETS:
Real Time
300
0
$ENER_FIT:
0.000000 0.000000
$MCA_CAL:
3
0.000000E+000 0.000000E+000 0.000000E+000
$SHAPE_CAL:
3
0.000000E+000 0.000000E+000 0.000000E+000
