$SPEC_ID:
xxx
$SPEC_REM:
DET# 1
DETDESC# MULTICAN MCB 1
AP# Maestro Version 5.30
$DATE_MEA:
01/01/2000 02:16:57
$MEAS_TIM:
242 300
$DATA:
0 1023
       0
       0
       0
       0
   56797
   55360
    3236
     361
     268
     298
     364
     425
     546
     641
     769
     869
    1055
    1155
    1271
    1341
    1423
    1288
    1253
    1251
    1179
    1132
    1221
    1290
    1594
    1985
    2372
    2867
    3535
    4281
    4975
    5847
    6420
    7052
    7531
    7435
    7383
    6867
    6403
    5651
    4880
    3958
    3262
    2589
    1974
    1536
    1112
     855
     691
     583
     464
     417
     399
     377
     372
     384
     375
     374
     385
     387
     381
     377
     343
     331
     345
     378
     343
     323
     301
     285
     314
     306
     338
     312
     300
     290
     305
     310
     303
     281
     300
     264
     275
     268
     268
     274
     237
     212
     241
     249
     226
     215
     210
     202
     198
     211
     192
     234
     205
     194
     217
     191
     183
     197
     198
     182
     203
     190
     172
     195
     188
     163
     173
     140
     154
     154
     132
     169
     162
     143
     154
     117
     149
     151
     158
     158
     141
     143
     113
     138
     126
     122
     123
     124
     119
     128
     129
     111
     123
     110
     129
     113
      99
     109
     109
     103
     103
     111
     113
     104
      73
      95
      97
      85
      95
      71
      96
      65
      79
      95
      65
      94
      65
      81
      78
      58
      93
      80
      70
      65
      56
      76
      54
      68
      62
      58
      73
      61
      72
      60
      63
      60
      54
      64
      59
      64
      69
      56
      49
      52
      53
      51
      53
      50
      42
      61
      57
      47
      59
      36
      54
      52
      52
      50
      35
      54
      49
      45
      43
      31
      41
      40
      33
      49
      34
      43
      37
      31
      41
      40
      35
      38
      38
      33
      37
      34
      42
      42
      26
      25
      28
      32
      25
      33
      30
      27
      26
      29
      24
      34
      32
      35
      32
      32
      30
      31
      25
      22
      27
      24
      35
      29
      29
      22
      32
      15
      27
      16
      19
      18
      23
      20
      22
      32
      35
      27
      30
      31
      17
      22
      30
      26
      23
      25
      24
      29
      25
      19
      25
      33
      15
      18
      22
      25
      18
      23
      20
      12
      35
      18
      21
      17
      19
      27
      26
      24
      22
      14
      23
      21
      21
      21
      20
      22
      29
      20
      19
      13
      18
      15
      16
      21
      22
      17
      19
      22
      16
      18
      21
      11
      19
      22
      20
      22
      23
      22
      12
      29
      18
      22
      20
      23
      20
      25
      23
      16
      21
      20
      12
      18
      22
      14
       9
      18
      19
      18
      19
      20
      18
      15
      19
       9
      26
      17
      11
      15
      19
      22
      14
      20
      15
      18
      16
      13
      15
      12
      10
      18
      15
      18
      13
      16
      12
      19
       6
      13
      17
      13
       8
      13
       8
       9
      10
      13
      11
      13
      13
      12
       6
      12
      15
       6
      10
      10
       6
      10
      11
      18
      15
      10
      12
      12
       8
      19
       8
       7
      13
       9
       9
      11
      12
       8
      19
      13
      13
      12
      14
      15
      13
      11
      15
      17
       9
      15
       9
      12
      14
      12
       6
      14
       6
       8
      10
      10
      14
       7
      14
      14
       9
      11
      12
       9
       9
       8
       9
      11
      10
       9
       3
       9
       7
       7
       7
       8
      16
      10
       8
      11
       9
       5
       7
       5
       6
      15
       8
      12
      12
       9
       8
       4
       7
      14
       7
       9
      10
      10
       8
      17
      13
       6
       8
       8
       7
       6
      10
       8
       5
       6
       5
       9
       7
       6
       9
      10
       6
       9
       7
       7
       8
       8
       6
       7
      10
      10
       4
      11
       7
       7
      10
       9
       9
       7
      18
       8
       7
       9
      10
      10
       6
      10
      12
       6
       9
       6
      12
       6
      10
       7
      14
       7
       6
       7
       5
      11
       8
       9
       5
       9
       6
       7
      10
      11
      11
       6
       4
       6
       7
      12
      10
       7
       6
       9
       2
       4
       5
       5
      10
      11
      10
      10
       4
       6
       5
       2
       8
       4
       4
      11
       2
      10
       9
       5
       6
       5
       9
       7
       4
       6
       3
       8
       4
       6
       7
       4
       6
       9
       4
       6
       6
       7
       4
       7
       4
       7
       4
       0
       4
       9
       3
       5
       3
       5
       6
       4
       8
       4
       8
       4
      12
       5
       4
       1
       1
       3
       5
       5
       3
       3
       6
       7
       3
       8
       4
       6
       6
       3
       7
       3
       4
       8
       6
       8
       5
       6
       4
       6
       4
       7
      12
       8
       7
       7
       7
       4
       4
       8
       2
       5
       5
       4
       5
       2
       2
       5
       5
       4
       4
       5
       6
      12
       7
       3
       3
       3
       3
       6
       1
       5
       7
       2
       8
       3
       5
       2
       4
       7
       1
       3
       2
       5
       4
       5
       4
       2
       2
       6
       8
       0
       2
       2
       4
       5
       4
       5
       2
       4
       1
       3
       7
       3
       5
       1
       5
       5
       2
       5
       4
       5
       1
       3
      10
       3
       0
       5
       0
       2
       6
       7
       6
       0
       1
       3
       0
       5
       6
       2
       4
       1
       5
       1
       4
       5
       1
       3
       2
       4
       1
       2
       4
       4
       1
       7
       0
       4
       4
       2
       4
       0
       4
       3
       3
       3
       3
       9
       5
       2
       4
       2
       6
       4
       2
       3
       3
      10
       3
       4
       6
       6
       4
       4
       6
       5
       3
       2
       3
       3
       2
       3
       4
       3
       7
       4
       3
       2
       4
       4
       4
       6
      12
       6
       4
       3
       6
       4
       4
       4
       6
       3
       7
      13
      11
      11
       9
       2
       6
       4
       9
       6
       3
       7
       6
       6
       5
       6
       6
       7
       7
       5
       9
       4
      10
       2
       6
      10
       5
       6
       4
       6
       6
       3
       1
       4
       4
       6
       6
       7
       2
       5
       2
       3
       8
       5
       5
       7
       5
       6
       4
       1
       3
       2
       0
       3
       1
       6
       2
       3
       3
       0
       5
       2
       3
       2
       3
       1
       2
       2
       4
       2
       4
       0
       1
       2
       2
       2
       1
       1
       1
       1
       1
       1
       2
       3
       0
       0
       4
       0
       6
       1
       0
       4
       1
       1
       0
       1
       2
       0
       1
       2
       1
       0
       3
       2
       2
       3
       0
       1
       0
       2
       1
       0
       1
       2
       2
       3
       2
       0
       1
       2
       2
       0
       3
       0
       1
       0
       3
       3
       0
       1
       1
       0
       1
       2
       0
       2
       0
       1
       0
       2
       2
       2
       1
       1
       1
       1
       0
       1
       1
       1
       1
       2
       2
       0
       3
       0
       3
       0
       0
       0
       2
       0
       1
       1
       0
       0
       3
       1
       1
       1
       1
       1
       3
       1
       1
       1
       1
       0
       1
       0
       3
       2
       2
       0
       4
       1
       1
       0
       1
       1
       0
       1
       0
       0
       0
       1
       0
       1
      11
      14
      16
      14
      23
      22
      26
      22
      16
      21
      14
      25
      30
      14
      18
      27
      20
      18
      11
      20
      17
      15
      13
      13
$ROI:
0
$PRESETS:
Real Time
300
0
$ENER_FIT:
0.000000 0.000000
$MCA_CAL:
3
0.000000E+000 0.000000E+000 0.000000E+000
$SHAPE_CAL:
3
0.000000E+000 0.000000E+000 0.000000E+000
