$SPEC_ID:
xxx
$SPEC_REM:
DET# 1
DETDESC# MULTICAN MCB 1
AP# Maestro Version 5.30
$DATE_MEA:
01/01/2000 00:42:18
$MEAS_TIM:
160 300
$DATA:
0 1023
       0
       0
       0
       0
   95379
  228332
   63432
    9514
    1865
    1317
    1229
    1277
    1241
    1305
    1402
    1461
    1586
    1728
    1679
    1772
    1889
    1848
    1978
    1867
    1906
    1878
    1864
    1844
    1881
    1842
    1939
    2003
    2066
    2114
    2200
    2281
    2332
    2452
    2503
    2705
    2770
    2838
    3016
    3165
    3415
    3619
    3957
    4017
    4419
    4630
    4986
    5201
    5511
    5570
    5692
    5742
    5610
    5443
    5308
    5085
    4848
    4574
    4365
    3922
    3659
    3376
    3292
    2985
    2917
    2885
    2748
    2785
    2745
    2770
    2792
    2740
    2753
    2833
    2807
    2982
    3003
    2986
    2998
    3070
    3024
    3044
    3176
    3225
    3356
    3444
    3411
    3425
    3575
    3593
    3567
    3849
    3732
    3757
    3852
    3748
    3889
    3787
    3842
    3797
    3734
    3777
    3735
    3753
    3618
    3574
    3578
    3516
    3485
    3409
    3334
    3204
    3198
    3133
    3122
    3143
    3000
    3028
    2935
    2901
    2856
    2692
    2751
    2599
    2611
    2635
    2557
    2601
    2474
    2403
    2350
    2368
    2391
    2373
    2160
    2194
    2282
    2088
    2095
    2062
    2121
    2037
    2064
    1941
    1914
    1928
    1950
    1995
    1909
    1891
    1867
    2013
    1998
    1987
    2054
    2070
    2090
    2025
    2048
    2307
    2244
    2303
    2403
    2504
    2544
    2696
    2764
    2901
    2902
    3037
    3110
    3291
    3324
    3442
    3445
    3626
    3663
    3735
    3867
    3846
    3952
    3962
    3890
    3976
    4028
    3984
    4031
    4035
    3975
    4005
    3916
    4041
    4104
    3978
    4082
    4065
    4039
    4133
    4247
    4237
    4418
    4380
    4610
    4773
    4778
    5139
    5213
    5413
    5656
    5899
    6025
    6207
    6346
    6414
    6752
    6783
    6931
    6863
    7010
    6918
    7137
    7008
    6815
    6599
    6626
    6407
    6183
    6030
    5711
    5502
    5272
    5114
    4801
    4569
    4160
    3913
    3709
    3343
    3130
    3023
    2767
    2536
    2318
    2162
    1980
    1729
    1572
    1466
    1341
    1199
    1101
    1023
     892
     827
     743
     661
     599
     566
     519
     457
     414
     382
     339
     323
     307
     241
     234
     227
     223
     205
     202
     166
     144
     158
     167
     144
     145
     139
     123
     151
     116
     127
     131
     131
     112
     105
     126
     113
      99
     103
      90
      96
      81
     103
      90
      85
      90
      90
     103
      83
     105
      93
      94
      79
      92
      90
      87
      67
      97
      89
      88
      78
      93
      74
      73
      62
      75
      85
      58
      60
      69
      71
      81
      71
      78
      68
      62
      55
      61
      58
      58
      57
      55
      57
      55
      61
      53
      46
      61
      42
      66
      67
      52
      52
      55
      59
      69
      50
      60
      57
      59
      55
      53
      43
      54
      61
      38
      52
      60
      42
      41
      55
      65
      45
      56
      47
      37
      51
      36
      53
      45
      52
      48
      53
      48
      50
      42
      46
      36
      47
      40
      38
      39
      37
      40
      34
      44
      43
      43
      47
      40
      41
      40
      35
      31
      42
      32
      37
      41
      30
      38
      42
      42
      34
      25
      31
      33
      30
      44
      35
      41
      37
      33
      33
      23
      28
      28
      26
      33
      23
      45
      36
      28
      31
      29
      31
      29
      32
      26
      24
      20
      23
      28
      21
      26
      16
      22
      22
      23
      31
      22
      31
      25
      28
      25
      23
      20
      18
      29
      23
      16
      14
      19
      19
      11
      27
      18
      15
      15
      20
      22
      18
       7
      11
      15
      10
      11
       7
      10
       9
       9
      16
      10
      14
       7
       5
       9
      14
      10
      11
       7
       7
       7
       5
       6
      10
       6
       6
       5
       5
       8
       7
       6
       6
       5
       9
       5
      12
       5
       7
       8
       9
       8
       3
       8
       3
       4
       5
       4
       7
       9
       9
      10
       5
       8
       4
      10
       6
       9
       8
       6
       9
       8
       2
      12
       8
       8
       8
       5
       6
       9
       7
       7
       7
      10
       5
       3
       5
       9
       5
       5
       7
       1
       6
       3
      10
       5
       6
       9
       6
       5
       7
       4
       4
       2
       2
       6
      11
       8
       3
       3
       6
       4
       6
       7
       5
       8
       2
       3
       3
       7
       7
      10
       5
       5
       6
       6
       5
       3
       6
       4
       5
       7
       2
       4
       7
       4
       2
       6
       8
       3
       8
       6
       7
       8
       2
       5
       1
       1
       6
       7
       3
       5
       6
       3
       5
       4
       3
       1
       9
      10
       5
       5
       4
       2
       1
       6
       6
       6
       5
       4
       2
       7
       7
       3
       7
       7
       6
       6
       5
       2
       3
       2
       5
       2
       5
       5
       8
       4
       2
       4
       3
       6
       3
       5
       5
       8
       4
       5
       7
       4
       2
       4
       4
       4
       0
       6
       2
       3
       7
       8
       3
       4
       1
       6
       3
       1
       4
       8
       1
       3
       3
       3
       6
       3
       1
       4
       7
       8
       3
       9
       7
       5
       3
       9
       4
       7
       4
       1
       2
       5
       6
       5
       4
       3
       6
       6
       4
       4
       8
       5
       7
       2
       5
       1
       3
       6
       3
       0
       5
       3
       5
       3
       5
       1
       9
       3
       6
       2
       2
       4
       5
       3
       3
       4
       3
       4
       4
       2
       3
       1
       3
       3
       3
       1
       6
       4
       3
       6
       5
       1
       3
       4
       6
       6
       1
       1
       3
       3
       3
       2
       2
       2
       3
       6
       2
       4
       1
       3
       2
       3
       0
       3
       3
       2
       1
       2
       3
       4
       4
       2
       2
       2
       3
       1
       4
       0
       1
       2
       4
       2
       2
       4
       3
       5
       2
       3
       0
       2
       5
       4
       7
       4
       2
       0
       1
       3
       2
       3
       1
       3
       3
       3
       1
       2
       3
       1
       3
       5
       3
       4
       3
       3
       0
       4
       4
       2
       2
       2
       3
       2
       2
       2
       4
       0
       4
       1
       0
       2
       2
       4
       3
       3
       2
       4
       3
       4
       4
       2
       2
       3
       8
       5
       4
       4
       4
       3
       3
       5
       4
       5
       1
       4
       4
       8
       5
       5
       2
       3
       1
       2
       6
       7
       3
       3
       3
       7
       1
       4
       7
       1
       2
       0
       2
       3
       4
       3
       5
       1
       5
       3
       5
       1
       3
       2
       1
       4
       4
       3
       6
       2
       2
       3
       1
       4
       2
       2
       3
       0
       1
       3
       2
       1
       5
       3
       1
       2
       1
       1
       1
       4
       3
       5
       3
       2
       3
       2
       2
       1
       1
       0
       2
       1
       1
       0
       0
       2
       0
       3
       0
       3
       3
       0
       1
       0
       3
       1
       0
       1
       2
       1
       2
       0
       2
       1
       1
       0
       0
       1
       1
       0
       2
       2
       0
       0
       0
       1
       2
       0
       1
       1
       0
       0
       2
       1
       1
       0
       0
       1
       0
       0
       0
       4
       1
       1
       1
       0
       1
       3
       1
       2
       0
       1
       1
       0
       3
       1
       2
       1
       0
       1
       0
       0
       1
       2
       0
      19
      14
      20
      14
      11
      22
      17
      18
      16
      22
      15
       9
       7
      11
      13
      20
      17
      11
      16
      14
      12
      13
      17
      16
$ROI:
0
$PRESETS:
Real Time
300
0
$ENER_FIT:
0.000000 0.000000
$MCA_CAL:
3
0.000000E+000 0.000000E+000 0.000000E+000
$SHAPE_CAL:
3
0.000000E+000 0.000000E+000 0.000000E+000
