$SPEC_ID:
xxx
$SPEC_REM:
DET# 1
DETDESC# MULTICAN MCB 1
AP# Maestro Version 5.30
$DATE_MEA:
01/01/2000 01:02:21
$MEAS_TIM:
166 300
$DATA:
0 1023
       0
       0
       0
       0
   91499
  224775
   60345
    8572
    1710
    1229
    1206
    1297
    1309
    1328
    1361
    1508
    1618
    1714
    1783
    1899
    2008
    2044
    2069
    1925
    1837
    1832
    1839
    1828
    1802
    1739
    1787
    1797
    1870
    1853
    2003
    2150
    2169
    2341
    2408
    2488
    2566
    2685
    2706
    2853
    2941
    3135
    3207
    3421
    3579
    3566
    3781
    3869
    4021
    4108
    4066
    4037
    4079
    3976
    3819
    3628
    3431
    3409
    3165
    3142
    2944
    2799
    2747
    2710
    2710
    2774
    2705
    2711
    2685
    2810
    2670
    2785
    2910
    2769
    2788
    2865
    3007
    3110
    3093
    3093
    3173
    3130
    3247
    3254
    3431
    3410
    3440
    3560
    3552
    3683
    3633
    3777
    3863
    3807
    3787
    3717
    3718
    3804
    3804
    3788
    3734
    3658
    3642
    3586
    3515
    3607
    3436
    3382
    3332
    3317
    3311
    3164
    3127
    3163
    2939
    2978
    2916
    2820
    2854
    2725
    2780
    2680
    2542
    2565
    2517
    2546
    2435
    2411
    2376
    2289
    2343
    2200
    2296
    2220
    2122
    2155
    2092
    2011
    2117
    2061
    2006
    2036
    1997
    1898
    2029
    1938
    1960
    1942
    2003
    1946
    2019
    2049
    2080
    2102
    2213
    2219
    2241
    2282
    2405
    2535
    2540
    2604
    2641
    2738
    2824
    2875
    3062
    3126
    3189
    3245
    3319
    3404
    3453
    3573
    3669
    3586
    3780
    3831
    3932
    3886
    3876
    3872
    3883
    4033
    4003
    4067
    4067
    3849
    4050
    4026
    3936
    4069
    3912
    4036
    4105
    4095
    4106
    4200
    4348
    4458
    4588
    4808
    4951
    5058
    5343
    5326
    5713
    5565
    5977
    6014
    6224
    6411
    6420
    6509
    6785
    6531
    6621
    6827
    6690
    6487
    6562
    6366
    6266
    6041
    5775
    5558
    5582
    5169
    4892
    4634
    4365
    4179
    3823
    3569
    3436
    3143
    2874
    2709
    2363
    2265
    2033
    1865
    1744
    1579
    1465
    1351
    1166
     991
     996
     822
     759
     698
     594
     580
     518
     460
     417
     384
     355
     298
     305
     238
     253
     218
     257
     194
     178
     176
     169
     149
     139
     150
     127
     120
     118
     104
     108
     118
     115
     102
     103
      76
      95
      89
      84
      91
      84
      94
      99
      84
      93
      99
      87
      87
      95
      91
      85
      88
      84
      83
      83
      70
      70
      96
      65
      68
      69
      63
      58
      72
      66
      70
      60
      51
      75
      60
      70
      65
      62
      67
      60
      74
      58
      56
      60
      65
      49
      66
      49
      43
      56
      54
      51
      55
      49
      53
      52
      58
      57
      45
      60
      53
      48
      53
      44
      55
      48
      47
      43
      50
      38
      53
      55
      33
      65
      61
      39
      49
      42
      38
      41
      41
      35
      37
      29
      33
      66
      41
      38
      47
      57
      32
      43
      45
      34
      34
      30
      41
      50
      43
      38
      35
      37
      36
      40
      36
      45
      31
      49
      34
      29
      28
      31
      37
      31
      43
      40
      30
      38
      32
      27
      37
      37
      30
      25
      23
      40
      33
      36
      28
      24
      32
      28
      27
      22
      26
      30
      23
      22
      25
      36
      23
      20
      29
      18
      24
      16
      20
      18
      25
      18
      22
      27
      20
      20
      10
      27
      16
      24
      12
      15
      22
      20
      12
       9
      11
      17
      20
      20
      14
      12
      12
       7
      16
      11
       8
      15
      12
      17
      10
       8
      10
       4
      13
       9
      10
      12
      12
       8
       6
      12
       8
       9
      11
      13
       6
      11
       8
       9
      11
       8
       7
       9
      11
       3
       5
       6
       8
       2
      11
      14
       4
       6
       8
       9
       5
      14
       5
       3
       8
       6
      11
       3
       6
       6
       8
       4
      12
       8
       5
       5
       4
       5
       9
       9
       6
       5
       5
       6
       2
       8
       5
      11
       3
       7
       5
       4
       4
       3
       5
       4
       4
       5
       5
       3
       4
       6
       7
       6
      11
       8
      10
      10
       3
       6
       7
       3
       3
       5
      11
       3
       8
       4
       3
       5
      15
       2
       7
       1
       6
       6
       7
       6
       9
       6
       3
       4
       5
       4
       3
       3
       5
       4
      10
       8
       5
       5
       5
       5
       5
       8
       6
       5
       2
      10
       2
       4
       9
       4
       8
       2
       3
       5
       4
       6
       3
      10
       4
       7
       3
       6
       0
       4
       6
       5
       6
       5
      10
       3
       2
       6
       7
       2
       3
       0
       2
       6
       3
       5
       4
       5
       3
       4
       4
       5
       1
       3
       2
       4
       4
       7
       3
       7
       1
       5
       4
       4
       1
       5
       1
       4
       3
       5
       3
       3
       2
       2
       3
       4
       6
       2
       3
       2
       7
       3
       1
       5
       7
       4
       1
       4
       1
       5
       5
       1
       3
       7
       2
       4
       0
       1
       4
       3
       7
       4
       9
       2
       2
       1
       5
       4
      10
       1
       7
       2
       2
       6
       2
       1
       2
       7
       4
       3
       9
       7
       3
       2
       3
       7
       4
       7
       3
       2
       8
       5
       6
       1
       1
       4
       5
       2
       3
       2
       2
       1
       4
       0
       6
       2
       4
       5
       3
       4
       4
       5
       1
       2
       0
       2
       6
       6
       2
       4
       4
       5
       1
       2
       3
       1
       1
       4
       2
       1
       2
       4
       6
       1
       3
       2
       2
       3
       2
       3
       0
       4
       2
       1
       6
       2
       3
       3
       1
       1
       2
       4
       1
       0
       1
       2
       2
       1
       0
       1
       1
       3
       1
       1
       2
       0
       4
       1
       4
       2
       3
       1
       0
       2
       4
       3
       2
       0
       1
       3
       5
       2
       1
       1
       2
       2
       3
       2
       2
       1
       3
       5
       0
       3
       2
       1
       4
       1
       4
       1
       3
       0
       3
       3
       3
       0
       3
       3
       1
       5
       2
       2
       4
       3
       2
       1
       2
       6
       3
       4
       6
       4
       3
       5
       3
       9
       2
       5
       3
       5
       3
       7
       3
       3
       6
       0
       1
       4
       3
       4
       7
       3
       2
       3
       0
       5
       7
       4
       5
       5
       5
       3
       1
       4
       3
       3
       5
       5
       3
       3
       3
       3
       2
       5
       6
       6
       2
       2
       2
       3
       0
       2
       1
       1
       4
       3
       3
       2
       2
       2
       3
       4
       2
       0
       2
       3
       3
       2
       0
       2
       2
       2
       0
       2
       2
       1
       2
       2
       4
       3
       1
       0
       2
       0
       1
       1
       1
       0
       1
       2
       1
       0
       3
       3
       1
       1
       3
       2
       0
       2
       1
       3
       2
       2
       1
       2
       1
       1
       1
       2
       2
       0
       0
       0
       0
       1
       2
       0
       1
       0
       0
       0
       1
       0
       0
       0
       0
       1
       2
       1
       3
       0
       2
       2
       0
       2
       0
       0
       0
       2
       0
       1
       0
       0
       0
       0
       0
       0
       2
       2
       2
       0
       0
       0
       1
       2
       1
       3
       0
       2
       1
       0
       1
      21
      20
      11
      13
      16
      18
      13
      10
      21
      16
      22
      17
      14
      17
      16
      10
      18
       8
      19
      15
      14
      20
      17
      11
$ROI:
0
$PRESETS:
Real Time
300
0
$ENER_FIT:
0.000000 0.000000
$MCA_CAL:
3
0.000000E+000 0.000000E+000 0.000000E+000
$SHAPE_CAL:
3
0.000000E+000 0.000000E+000 0.000000E+000
