$SPEC_ID:
xxx
$SPEC_REM:
DET# 1
DETDESC# MULTICAN MCB 1
AP# Maestro Version 5.30
$DATE_MEA:
01/01/2000 01:30:53
$MEAS_TIM:
120 300
$DATA:
0 1023
       0
       0
       0
       0
   63290
  169882
   53359
    9817
    2427
    1533
    1419
    1490
    1867
    2200
    3252
    4662
    6485
    8900
   11582
   14494
   16804
   18299
   18867
   18617
   16977
   14997
   12935
   10745
    8924
    7075
    6093
    5269
    4723
    4460
    4343
    4505
    4531
    4568
    4850
    4960
    5243
    5414
    5729
    6376
    6929
    7695
    8539
    9426
   10711
   11668
   12772
   13690
   14482
   14923
   15321
   15087
   14862
   13902
   13179
   12244
   10887
    9667
    8437
    7410
    6391
    5518
    4646
    4084
    3677
    3373
    3067
    2843
    2672
    2725
    2564
    2779
    2633
    2665
    2588
    2589
    2583
    2658
    2617
    2751
    2754
    2726
    2834
    2802
    2940
    2942
    3018
    3000
    3063
    3156
    3217
    3254
    3263
    3286
    3444
    3396
    3344
    3481
    3332
    3348
    3319
    3268
    3312
    3282
    3230
    3136
    3160
    3052
    2965
    2980
    2911
    2921
    2849
    2810
    2688
    2723
    2463
    2671
    2597
    2517
    2426
    2544
    2436
    2384
    2268
    2211
    2239
    2209
    2153
    2087
    2190
    2125
    2074
    1999
    1931
    1894
    1912
    1927
    1744
    1877
    1721
    1673
    1722
    1700
    1704
    1624
    1635
    1579
    1663
    1612
    1702
    1669
    1731
    1713
    1635
    1769
    1825
    1872
    1877
    1970
    2000
    2076
    2173
    2277
    2331
    2336
    2478
    2582
    2628
    2730
    2884
    2874
    2960
    3019
    3192
    3226
    3284
    3327
    3307
    3340
    3381
    3391
    3638
    3425
    3579
    3402
    3500
    3467
    3457
    3457
    3478
    3589
    3492
    3565
    3485
    3662
    3695
    3704
    3873
    3995
    4073
    4097
    4365
    4522
    4691
    4828
    5080
    5273
    5432
    5488
    5714
    5844
    5916
    6202
    6335
    6433
    6333
    6359
    6265
    6249
    6245
    6172
    6107
    5899
    5848
    5583
    5360
    5161
    5054
    4786
    4474
    4292
    4090
    3935
    3506
    3305
    3156
    2932
    2633
    2462
    2307
    2166
    1939
    1805
    1578
    1456
    1409
    1286
    1209
    1058
     972
     916
     765
     765
     674
     647
     580
     553
     506
     495
     436
     396
     372
     378
     320
     323
     290
     274
     289
     266
     225
     253
     227
     183
     221
     205
     194
     188
     191
     167
     168
     159
     174
     141
     151
     126
     125
     128
     138
     130
     117
     118
     142
     103
      98
     111
      92
     118
      98
     100
     109
      97
      93
     113
      84
      72
     105
      72
      93
      87
      67
      91
      78
      59
      75
      74
      73
      72
      72
      76
      78
      72
      72
      79
      57
      72
      67
      65
      51
      69
      52
      54
      70
      55
      53
      47
      63
      43
      59
      55
      64
      52
      57
      38
      53
      59
      53
      64
      43
      45
      48
      50
      57
      42
      44
      60
      48
      44
      46
      42
      46
      47
      52
      41
      50
      49
      50
      55
      46
      46
      41
      41
      42
      38
      40
      43
      38
      49
      43
      51
      33
      53
      45
      42
      46
      51
      45
      52
      38
      31
      36
      38
      49
      40
      35
      38
      26
      38
      36
      33
      33
      42
      42
      28
      42
      45
      33
      31
      31
      25
      27
      27
      42
      34
      26
      32
      30
      24
      36
      31
      32
      29
      21
      29
      19
      32
      30
      25
      25
      25
      37
      19
      24
      16
      20
      22
      18
      21
      18
      21
      16
      14
      21
      29
      23
      18
      20
      21
      17
      21
      16
      16
      15
      17
      17
      16
      16
       9
      11
      13
      18
      10
       9
      12
       7
      12
      10
      10
       6
      12
      11
       7
       4
       5
       9
       9
       9
       4
       7
       8
       8
       8
       8
       1
       3
       7
       6
       5
       3
       6
       4
       7
       9
       7
       8
       3
       4
      10
       2
       6
       5
       5
       4
       3
       6
       6
       8
       5
       4
       1
       7
       8
       6
       4
       4
       4
       3
       5
       3
       2
       6
       3
       4
       4
       5
       6
       4
       5
       5
       5
       4
       5
       7
       8
       2
       3
       4
       4
       0
       2
       2
       4
       2
       5
       6
       7
       4
       3
       6
       5
       2
       4
       2
       2
       3
       6
       4
       5
       4
       5
       4
       3
       1
       5
       6
       3
       5
       3
       5
       4
       3
       1
       4
       2
       2
       6
       3
       4
       2
       4
       2
       1
       2
       6
       3
       5
       6
       2
       5
       4
       3
       5
       3
       6
       2
       1
       2
       2
       3
       4
       5
       5
       4
       3
       9
       1
       2
       2
       1
       3
       2
       4
       2
       8
       4
       3
       3
       1
       5
       3
       3
       1
       5
       2
       1
       1
       2
       6
       2
       2
       2
       3
       4
       2
       1
       4
       2
       2
       2
       1
       2
       4
       4
       1
       1
       3
       1
       3
       5
       3
       3
       6
       2
       2
       4
       6
       2
       2
       3
       3
       3
       3
       4
       6
       1
       3
       1
       4
       4
       2
       4
       3
       3
       1
       3
       5
       0
       4
       3
       1
       2
       7
       4
       4
       3
       4
       4
       0
       2
       4
       1
       1
       4
       6
       4
       1
       2
       1
       1
       3
       3
       1
       1
       4
       4
       3
       1
       0
       1
       2
       2
       3
       1
       0
       5
       3
       4
       2
       1
       0
       3
       1
       3
       0
       3
       3
       5
       1
       2
       5
       1
       2
       2
       0
       2
       0
       1
       2
       4
       2
       0
       0
       0
       1
       6
       1
       1
       0
       3
       2
       2
       0
       1
       3
       2
       0
       3
       0
       2
       3
       0
       3
       1
       1
       0
       1
       2
       2
       1
       1
       5
       6
       1
       1
       2
       4
       0
       2
       4
       2
       3
       1
       1
       4
       1
       1
       4
       1
       2
       1
       2
       1
       4
       1
       4
       1
       2
       1
       3
       0
       1
       2
       3
       1
       1
       0
       1
       1
       0
       1
       3
       3
       0
       1
       1
       2
       1
       2
       1
       1
       0
       1
       3
       1
       2
       5
       3
       0
       5
       2
       3
       3
       4
       3
       3
       4
       3
       2
       2
       5
       5
       0
       3
       1
       3
       1
       1
       0
       3
       8
       3
       6
       3
       4
       6
       7
       4
       4
       4
       1
       4
       1
       3
       3
       1
       3
       2
       1
       4
       2
       2
       5
       1
       3
       5
       0
       4
       7
       4
       2
       4
       3
       3
       6
       2
       0
       2
       1
       4
       3
       0
       3
       0
       2
       0
       0
       3
       1
       0
       1
       0
       0
       0
       0
       2
       0
       0
       2
       1
       1
       1
       1
       1
       2
       1
       0
       1
       1
       0
       0
       2
       1
       1
       2
       0
       2
       0
       2
       2
       1
       1
       0
       1
       0
       0
       0
       1
       1
       0
       2
       1
       1
       1
       0
       0
       0
       2
       0
       2
       2
       0
       2
       1
       1
       0
       0
       0
       0
       3
       2
       1
       1
       0
       0
       2
       2
       0
       0
       1
       0
       0
       2
       0
       0
       0
       0
       0
       0
       1
       2
       3
       0
       0
       0
       1
       1
       1
       0
       1
       1
       1
       0
       2
       0
       2
       0
      11
      12
      15
      16
      11
      14
      14
      14
      18
       8
       9
       3
       6
      13
      10
       9
      13
       8
       7
      20
      12
      10
      11
      13
$ROI:
0
$PRESETS:
Real Time
300
0
$ENER_FIT:
0.000000 0.000000
$MCA_CAL:
3
0.000000E+000 0.000000E+000 0.000000E+000
$SHAPE_CAL:
3
0.000000E+000 0.000000E+000 0.000000E+000
