$SPEC_ID:
xxx
$SPEC_REM:
DET# 1
DETDESC# MULTICAN MCB 1
AP# Maestro Version 5.30
$DATE_MEA:
01/01/2000 01:16:32
$MEAS_TIM:
146 300
$DATA:
0 1023
       0
       0
       0
       1
   79476
  209521
   63372
   10306
    2110
    1489
    1355
    1337
    1485
    1582
    1672
    1845
    1884
    2111
    2238
    2327
    2450
    2589
    2496
    2528
    2642
    2539
    2532
    2555
    2564
    2629
    2732
    2901
    3131
    3249
    3356
    3624
    3818
    3961
    4103
    4142
    4440
    4727
    5093
    5588
    6177
    6840
    7626
    8605
    9125
   10307
   11210
   12174
   12675
   12980
   13252
   13300
   13110
   12644
   11522
   10842
    9911
    8769
    7609
    6772
    5984
    5225
    4659
    4173
    3596
    3431
    3227
    3097
    2970
    3006
    2806
    2786
    2843
    2908
    2920
    2984
    2916
    2986
    3077
    3090
    3054
    3230
    3275
    3218
    3285
    3454
    3491
    3539
    3581
    3554
    3731
    3893
    3796
    3919
    3928
    3885
    3879
    3993
    3918
    3931
    3808
    3967
    3769
    3804
    3742
    3704
    3584
    3531
    3637
    3517
    3447
    3345
    3265
    3231
    3206
    3147
    3057
    2952
    3054
    2914
    2876
    2815
    2813
    2741
    2621
    2642
    2572
    2546
    2499
    2448
    2428
    2414
    2258
    2325
    2341
    2307
    2191
    2196
    2189
    2076
    2114
    2124
    1957
    1979
    1911
    1983
    1929
    1948
    1975
    1983
    1911
    1962
    1998
    2048
    2059
    2043
    2213
    2092
    2214
    2289
    2367
    2463
    2509
    2644
    2812
    2846
    2892
    3062
    3186
    3190
    3268
    3420
    3589
    3632
    3590
    3867
    3759
    3914
    3979
    4037
    4017
    4077
    4157
    4091
    4168
    3965
    4164
    4125
    4140
    4035
    4138
    4222
    4086
    4068
    4148
    4228
    4305
    4400
    4419
    4444
    4630
    4838
    5029
    5244
    5346
    5596
    5831
    6028
    6365
    6379
    6537
    6859
    6890
    7196
    7143
    7269
    7306
    7387
    7169
    7241
    7302
    7260
    6993
    6773
    6812
    6491
    6246
    5952
    5696
    5554
    5319
    4929
    4650
    4464
    4034
    3796
    3517
    3295
    3077
    2802
    2674
    2473
    2205
    2005
    1771
    1640
    1575
    1432
    1240
    1207
    1088
     989
     837
     817
     762
     645
     618
     584
     512
     502
     467
     417
     383
     370
     336
     300
     275
     281
     269
     236
     234
     221
     226
     218
     208
     193
     193
     188
     172
     172
     154
     145
     163
     125
     164
     165
     143
     135
     137
     126
     128
     129
     149
     121
     123
     118
     122
     111
     100
     113
     120
     106
      98
      75
     107
      95
     101
      89
      88
      90
      76
      94
      93
      92
     100
     101
      81
      65
      79
      69
      63
      86
      71
      72
      72
      65
      90
      75
      71
      69
      68
      60
      80
      72
      76
      71
      73
      63
      67
      83
      62
      64
      77
      61
      58
      61
      75
      71
      61
      49
      74
      64
      40
      50
      68
      54
      53
      38
      50
      42
      53
      57
      56
      60
      42
      39
      46
      57
      51
      66
      54
      60
      54
      40
      54
      45
      44
      59
      43
      49
      51
      43
      55
      50
      45
      33
      38
      49
      46
      47
      51
      34
      50
      40
      41
      48
      38
      37
      45
      31
      43
      45
      35
      43
      29
      27
      28
      47
      32
      36
      33
      44
      26
      33
      36
      44
      37
      38
      19
      33
      37
      28
      38
      26
      38
      38
      28
      21
      24
      38
      27
      22
      32
      20
      19
      28
      28
      25
      24
      26
      26
      20
      23
      28
      17
      25
      20
      16
      21
      17
      18
      21
      17
      16
      14
      14
      29
      17
       8
      18
      14
      13
      17
       8
      17
       9
       9
      15
       8
      10
       7
      12
       9
       6
      10
      10
       6
      15
       8
       9
      10
       9
       7
       8
       3
       8
       1
       7
       7
       4
      11
       7
       5
       9
       6
       9
       6
       5
       2
       5
       9
       5
      12
       5
      10
       7
       4
       7
       4
       5
       2
       7
       7
       4
       7
       8
       2
       9
       2
       7
       3
       6
       3
       4
       6
       1
       2
       6
       5
       3
      10
       5
       3
       7
       6
       8
       0
       1
       8
       4
       5
       7
       3
       7
       2
       4
       6
       4
       7
       3
       5
       8
       4
       5
       2
       6
       4
       3
       3
       6
       6
       4
       2
       6
       8
       5
       5
       7
       3
       4
       4
       7
       4
       5
       4
       2
       3
       5
       6
       2
       3
       3
       4
       5
       3
       6
       4
       6
       5
       5
       4
       4
       2
       3
       5
       5
       4
       2
       8
       5
       2
       3
       2
       3
       5
       3
       3
       3
       7
       5
       6
       4
       4
       2
       3
       5
       5
       1
       1
       7
       3
       1
       3
       3
       8
       4
       2
       5
       5
       3
       8
       5
       0
       2
       7
       4
       4
       1
       4
       4
       1
       3
       2
       3
       3
       4
       3
       5
       4
       1
       1
       3
       6
       7
       1
       2
       6
       3
       3
       3
       5
       4
       3
       8
       3
       5
       6
       3
       4
       5
       3
       1
       6
       5
       4
       1
       3
       3
       2
       7
       1
       2
       2
       1
       5
       3
       6
       5
       8
       3
       1
       1
       6
       4
       1
       3
       2
       0
       1
       3
       2
       3
       1
       2
       2
       4
       2
       3
       1
       2
       4
       1
       2
       3
       2
       1
       1
       2
       3
       3
       4
       3
       2
       5
       2
       3
       5
       3
       2
       2
       2
       0
       2
       2
       2
       2
       2
       3
       3
       1
       2
       1
       3
       0
       2
       4
       0
       3
       1
       0
       2
       1
       3
       0
       2
       2
       0
       1
       2
       2
       1
       3
       1
       8
       0
       2
       0
       1
       2
       0
       3
       0
       3
       1
       1
       3
       2
       2
       3
       1
       2
       1
       1
       2
       1
       0
       1
       2
       2
       1
       2
       1
       1
       5
       2
       5
       2
       3
       2
       2
       2
       1
       0
       1
       4
       1
       0
       3
       2
       3
       2
       1
       2
       4
       4
       0
       2
       2
       1
       3
       2
       2
       0
       0
       2
       1
       1
       6
       1
       2
       5
       0
       3
       1
       2
       2
       4
       2
       1
       0
       1
       1
       3
       5
       3
       6
       4
       0
       5
       9
       3
       7
       5
       5
       2
       2
       0
       5
       2
       1
       3
       3
       4
       5
       1
       5
       2
       5
       1
       1
       2
       3
       1
       3
       2
       5
       5
       4
       3
       4
       2
       2
       2
       2
       1
       2
       4
       1
       6
       1
       2
       2
       1
       3
       2
       2
       4
       2
       1
       3
       2
       1
       1
       2
       3
       2
       4
       4
       1
       1
       0
       3
       1
       2
       0
       3
       1
       1
       1
       1
       3
       4
       2
       0
       0
       1
       3
       3
       1
       1
       2
       2
       2
       4
       0
       4
       1
       0
       0
       1
       0
       0
       0
       1
       1
       2
       2
       1
       1
       0
       0
       1
       0
       1
       1
       0
       1
       0
       3
       0
       2
       0
       1
       1
       2
       1
       1
       0
       1
       1
       0
       0
       0
       1
       0
       1
       2
       1
       1
       0
       4
       0
       0
       1
       2
       0
       0
       2
       1
       1
       2
       1
       0
       1
       0
       0
      15
      17
       9
      20
      13
      10
      17
      13
      15
      18
      16
      11
      14
      17
      12
      11
      12
      15
       8
       9
       7
       8
      15
      16
$ROI:
0
$PRESETS:
Real Time
300
0
$ENER_FIT:
0.000000 0.000000
$MCA_CAL:
3
0.000000E+000 0.000000E+000 0.000000E+000
$SHAPE_CAL:
3
0.000000E+000 0.000000E+000 0.000000E+000
