$SPEC_ID:
xxx
$SPEC_REM:
DET# 1
DETDESC# MULTICAN MCB 1
AP# Maestro Version 5.30
$DATE_MEA:
01/01/2000 00:51:54
$MEAS_TIM:
156 300
$DATA:
0 1023
       0
       0
       0
       0
   89392
  223885
   65034
   10238
    2042
    1414
    1382
    1366
    1389
    1510
    1547
    1640
    1730
    1933
    2033
    2095
    2111
    2193
    2099
    2112
    2137
    2125
    2066
    2149
    2223
    2202
    2356
    2484
    2432
    2644
    2850
    2945
    3037
    3266
    3280
    3376
    3639
    3926
    4057
    4274
    4647
    5077
    5706
    6470
    6914
    7523
    8145
    8784
    9343
    9523
   10031
    9823
    9721
    9524
    9032
    8375
    7657
    7152
    6327
    5772
    5071
    4611
    4115
    3801
    3572
    3274
    3104
    3076
    2904
    2900
    2785
    2861
    2790
    3033
    2942
    2904
    3081
    2976
    3037
    3199
    3208
    3266
    3269
    3325
    3404
    3436
    3500
    3580
    3653
    3667
    3608
    3773
    3855
    3824
    3943
    3927
    4027
    3921
    3919
    3961
    4003
    3844
    3858
    3830
    3741
    3693
    3625
    3716
    3476
    3544
    3527
    3346
    3284
    3343
    3288
    3184
    3095
    3042
    3118
    2977
    2926
    2827
    2809
    2724
    2758
    2732
    2671
    2646
    2579
    2483
    2447
    2361
    2428
    2402
    2384
    2298
    2250
    2140
    2149
    2170
    2105
    2129
    2114
    2057
    1989
    2015
    1964
    2030
    1978
    1952
    1955
    2010
    1957
    2051
    2151
    2061
    2165
    2311
    2320
    2419
    2461
    2509
    2581
    2671
    2827
    2877
    2885
    3004
    3125
    3247
    3422
    3394
    3529
    3598
    3773
    3807
    3886
    3819
    3998
    4056
    4179
    4141
    4250
    4207
    4209
    4205
    4154
    4160
    4194
    4231
    4119
    4278
    4092
    4163
    4208
    4329
    4447
    4388
    4523
    4568
    4614
    4821
    4991
    5097
    5261
    5466
    5788
    5748
    6095
    6326
    6512
    6675
    6685
    7056
    7005
    7311
    7300
    7331
    7384
    7348
    7320
    7245
    7241
    7009
    7053
    6871
    6542
    6322
    5990
    5808
    5498
    5328
    4939
    4680
    4412
    4132
    3896
    3564
    3302
    3136
    2766
    2590
    2394
    2178
    2052
    1814
    1677
    1524
    1396
    1293
    1094
     990
     960
     839
     708
     775
     617
     571
     501
     500
     448
     393
     377
     352
     375
     300
     269
     267
     262
     210
     224
     225
     225
     184
     178
     175
     170
     145
     189
     143
     151
     136
     135
     124
     148
     140
     123
     104
     115
     118
     125
     114
     111
     111
     116
     101
     102
      96
     101
     113
     112
     125
     102
     112
     108
      90
      97
      96
      83
      80
      80
      88
      90
      87
      96
      68
      71
      65
      78
      77
      62
      63
      72
      71
      83
      66
      72
      74
      68
      58
      77
      48
      58
      64
      61
      69
      74
      72
      64
      69
      87
      67
      80
      74
      46
      67
      70
      53
      58
      50
      60
      53
      55
      57
      47
      58
      54
      69
      62
      54
      58
      52
      66
      50
      49
      45
      54
      47
      51
      49
      49
      46
      53
      48
      44
      43
      59
      55
      48
      50
      49
      49
      40
      38
      38
      57
      43
      39
      50
      49
      50
      41
      38
      40
      30
      45
      37
      37
      42
      42
      40
      44
      33
      48
      34
      34
      47
      43
      43
      39
      33
      27
      37
      25
      30
      31
      27
      30
      35
      39
      26
      35
      25
      33
      32
      35
      33
      28
      31
      28
      27
      39
      24
      25
      25
      23
      21
      30
      24
      24
      24
      21
      21
      23
      20
       9
      15
      23
      16
      24
      22
      17
      19
      17
      21
      15
       9
      15
      19
      13
      18
      13
      14
      13
      12
      10
       3
       6
      11
      14
      15
      17
       8
      16
      10
      14
      12
       8
       8
      11
       5
       9
       8
       9
       9
       6
       6
       7
       6
       6
       7
       7
       8
       6
       3
       9
       8
       5
       5
       7
       6
       6
       5
       8
       8
       3
       7
       5
       6
       1
       9
       9
       1
       7
       9
       5
      10
       5
       7
       5
       4
       4
       4
       6
       7
       3
       3
       6
       6
       9
       6
       3
       2
       9
       4
       6
       7
       5
       4
       7
       4
       8
       4
       5
       4
       7
       9
       8
       5
       2
       6
       3
       6
       4
       7
       5
       9
       5
       4
       8
       5
       5
       8
       8
       1
       2
       4
       9
       5
       5
       7
       4
       3
       4
       2
       2
       5
       3
       4
       5
       9
       3
       5
       6
       3
       2
       4
       6
       3
       4
       2
       4
       3
       4
       2
       4
       4
       1
       5
       4
       4
       6
       6
       9
       4
       5
       4
       5
       4
       6
       1
       4
       3
       1
       9
       2
       6
       1
       6
       4
       5
       0
       5
       2
       4
       3
       3
       0
       6
       4
       2
       4
       5
       2
       5
       4
       3
       5
       8
       5
       4
       5
       1
       4
       2
       3
       4
       4
       3
       5
       6
       2
       1
       2
       2
       4
       2
       3
       4
       1
       8
       2
       4
       6
       6
       3
       3
       3
       0
       2
       5
       4
       3
       6
       2
       7
       2
       6
       4
       5
       3
       4
       6
       3
       3
       4
       4
       3
       1
       4
       5
       3
       3
       4
       4
       3
       4
       3
       4
       3
       3
       3
       5
       4
       3
       2
       5
       3
       7
       5
       5
       2
       4
       4
       1
       6
       4
       4
       2
       3
       2
       5
       2
       1
       4
       0
       4
       3
       4
       0
       5
       3
       5
       0
       3
       1
       3
       0
       2
       2
       2
       3
       3
       3
       4
       4
       3
       1
       0
       0
       4
       4
       1
       3
       2
       2
       1
       4
       1
       3
       3
       2
       2
       4
       1
       2
       2
       2
       3
       0
       3
       2
       0
       1
       1
       2
       1
       2
       2
       1
       4
       4
       1
       1
       2
       3
       4
       3
       2
       0
       3
       0
       1
       1
       0
       2
       0
       1
       1
       0
       1
       4
       1
       2
       2
       3
       4
       3
       3
       2
       2
       4
       1
       1
       2
       2
       1
       2
       4
       0
       2
       2
       3
       4
       2
       1
       3
       2
       2
       2
       2
       0
       4
       5
       1
       0
       7
       4
       3
       5
       2
       0
       2
       1
       3
       4
       1
       4
       3
       1
       4
       4
       3
       2
       3
       3
       2
       3
       5
       3
       3
       5
       3
       6
       4
       4
       3
       3
       2
       3
       2
       1
       2
       3
       4
       5
       3
       2
       3
       4
       5
       4
       2
       3
       4
       1
       1
       6
       4
       4
       6
       2
       4
       2
       1
       1
       5
       2
       2
       1
       2
       0
       3
       4
       1
       1
       0
       1
       3
       2
       3
       1
       4
       3
       1
       2
       2
       1
       1
       1
       3
       1
       4
       2
       2
       0
       0
       2
       1
       0
       3
       0
       0
       2
       2
       0
       0
       2
       2
       3
       2
       2
       1
       0
       4
       2
       0
       0
       0
       1
       0
       1
       2
       1
       1
       1
       0
       3
       0
       2
       0
       0
       2
       1
       1
       1
       2
       1
       1
       0
       0
       0
       1
       0
       2
       0
       1
       0
       0
       0
       0
       0
       1
       0
       0
       0
       0
       2
       1
       0
       0
       1
       1
       0
       0
       0
      13
      11
      15
      14
      13
      24
      16
      24
       8
      14
      17
       9
      17
      13
      23
      12
      11
      16
      17
      13
      16
      12
      11
      11
$ROI:
0
$PRESETS:
Real Time
300
0
$ENER_FIT:
0.000000 0.000000
$MCA_CAL:
3
0.000000E+000 0.000000E+000 0.000000E+000
$SHAPE_CAL:
3
0.000000E+000 0.000000E+000 0.000000E+000
