$SPEC_ID:
xxx
$SPEC_REM:
DET# 1
DETDESC# MULTICAN MCB 1
AP# Maestro Version 5.30
$DATE_MEA:
01/01/2000 01:24:51
$MEAS_TIM:
130 300
$DATA:
0 1023
       0
       0
       0
       0
   69277
  184858
   57503
   10281
    2361
    1580
    1479
    1601
    1612
    1976
    2528
    3167
    4499
    5724
    7463
    9129
   10172
   11218
   11755
   11459
   10662
    9637
    8635
    7425
    6451
    5532
    4830
    4428
    4325
    4313
    4301
    4503
    4575
    4703
    4904
    4938
    5300
    5587
    6004
    6411
    7009
    7849
    8728
    9735
   10963
   11975
   13264
   14247
   15137
   15267
   15812
   15722
   15601
   14584
   13833
   12653
   11197
   10188
    8800
    7833
    6771
    5648
    5021
    4373
    3841
    3447
    3171
    3080
    2884
    2890
    2721
    2798
    2636
    2639
    2823
    2752
    2782
    2744
    2875
    2810
    2917
    2904
    2907
    3040
    3017
    3156
    3255
    3354
    3270
    3340
    3391
    3430
    3513
    3557
    3407
    3529
    3565
    3567
    3621
    3537
    3511
    3512
    3591
    3425
    3380
    3426
    3260
    3277
    3320
    3288
    3115
    3054
    3019
    2993
    2956
    2884
    2876
    2782
    2697
    2687
    2661
    2616
    2634
    2541
    2474
    2462
    2313
    2362
    2327
    2330
    2198
    2220
    2211
    2092
    2000
    2094
    2023
    2025
    1853
    1917
    1952
    1892
    1859
    1845
    1870
    1742
    1741
    1755
    1802
    1739
    1812
    1837
    1826
    1867
    1846
    1889
    1981
    1914
    2035
    2108
    2166
    2189
    2291
    2449
    2384
    2538
    2720
    2694
    2874
    2921
    3055
    3075
    3201
    3121
    3337
    3476
    3529
    3437
    3592
    3650
    3695
    3642
    3691
    3660
    3835
    3787
    3778
    3698
    3686
    3684
    3701
    3735
    3697
    3720
    3777
    3814
    3795
    4049
    3977
    4199
    4324
    4503
    4550
    4774
    4877
    5193
    5319
    5519
    5867
    6026
    5920
    6349
    6444
    6589
    6748
    6777
    6837
    6871
    6761
    6746
    6748
    6633
    6672
    6226
    6218
    6192
    5873
    5682
    5413
    5070
    4936
    4629
    4364
    4100
    3832
    3591
    3369
    3039
    3005
    2672
    2568
    2318
    2150
    1935
    1807
    1583
    1464
    1299
    1237
    1114
    1018
    1019
     842
     768
     709
     660
     624
     599
     545
     481
     483
     392
     372
     361
     363
     354
     327
     307
     280
     274
     232
     252
     239
     235
     190
     226
     212
     184
     202
     199
     161
     174
     168
     160
     143
     153
     139
     137
     126
     139
     131
     138
     132
     129
     118
     107
      97
     117
     110
     124
     113
      93
      82
      97
      96
      95
      74
      92
      91
      83
      84
      88
      85
      79
      78
      76
      79
      89
      80
      70
      70
      65
      67
      84
      76
      66
      68
      70
      71
      70
      68
      58
      78
      58
      76
      61
      65
      73
      69
      57
      74
      52
      68
      52
      56
      57
      49
      42
      52
      60
      61
      38
      53
      52
      53
      59
      46
      51
      62
      61
      45
      54
      55
      44
      57
      41
      53
      54
      56
      48
      28
      39
      60
      36
      36
      52
      44
      32
      46
      44
      44
      46
      49
      40
      47
      53
      55
      37
      45
      37
      40
      48
      49
      41
      35
      47
      41
      26
      39
      50
      36
      30
      44
      22
      26
      29
      43
      35
      28
      49
      35
      31
      34
      35
      23
      25
      33
      37
      32
      36
      22
      33
      24
      33
      26
      21
      41
      28
      27
      28
      30
      30
      20
      32
      28
      28
      21
      15
      26
      19
      16
      28
      17
      26
      20
      21
      21
      21
      21
      14
      24
      15
      19
      17
      12
      12
      18
      20
      10
      15
      15
      15
       9
      15
      10
       8
       8
      13
      10
      11
      14
      11
       8
       8
       8
       6
      10
      10
       4
      10
       7
       6
       9
      15
       9
       7
       9
       9
       7
      12
       4
       6
       8
       4
       8
       9
       3
      10
       8
       6
       4
       6
       3
      10
       3
       2
       6
       2
       7
       7
       1
       6
       6
       2
       4
       3
       6
       7
       3
       4
       5
       3
       4
       5
       0
       2
       6
       5
       5
       6
      11
       3
       7
       4
       6
       3
       4
       8
       9
       4
       6
       6
       3
       3
       5
       3
       1
       3
       6
       4
       4
       6
       5
       4
       8
       4
       4
       5
       5
      10
       5
       4
       3
       0
       5
       1
       3
       3
       6
       5
       4
       3
       4
       1
       3
       5
       6
       2
       3
       3
       6
       1
       4
       8
       9
       2
       4
       3
       4
       5
       8
       2
       5
       2
       5
       3
       5
       6
       0
       3
       4
       3
       4
       7
       3
       4
       3
       3
       2
       5
       6
       4
       2
       1
       1
       0
       3
       0
       4
       3
       3
       4
       0
       4
       2
       6
       3
       3
       3
       7
       1
       2
       5
       3
       5
       2
       7
       0
       4
       3
       2
       4
       4
       2
       3
       3
       5
       0
       5
       3
       5
       5
       0
       2
       1
       0
       3
       4
       2
       3
       3
       3
       2
       2
       5
       5
       2
       3
       0
       3
       2
       4
       2
       7
       1
       0
       0
       3
       1
       0
       6
       3
       4
       4
       2
       2
       2
       4
       3
       2
       7
       3
       4
       4
       8
       2
       4
       0
       0
       5
       4
       4
       3
       3
       0
       4
       1
       5
       3
       2
       0
       3
       0
       7
       3
       3
       4
       2
       2
       4
       2
       5
       3
       2
       1
       1
       1
       1
       2
       5
       4
       1
       1
       2
       4
       4
       1
       0
       3
       3
       6
       1
       0
       3
       2
       5
       2
       2
       4
       3
       2
       2
       2
       0
       2
       3
       1
       1
       4
       2
       3
       2
       7
       4
       2
       1
       0
       1
       3
       2
       2
       2
       1
       0
       5
       2
       4
       2
       3
       0
       1
       2
       2
       3
       0
       3
       2
       3
       2
       2
       2
       3
       3
       2
       0
       2
       1
       2
       6
       5
       4
       4
       2
       1
       0
       2
       2
       2
       2
       3
       1
       0
       4
       0
       2
       4
       1
       2
       0
       2
       2
       7
       1
       1
       1
       0
       3
       7
       1
       4
       1
       3
       4
       4
       1
       3
       5
       2
       6
       5
       2
       2
       5
       1
       6
       4
       4
       6
       0
       1
       5
       1
       3
       5
       2
       5
       3
       2
       7
       7
       3
       2
       0
       1
       6
       5
       4
       4
       2
       4
       3
       3
       1
       2
       2
       2
       5
       2
       1
       4
       2
       6
       3
       2
       4
       4
       2
       4
       3
       4
       2
       0
       4
       2
       2
       1
       2
       3
       1
       1
       2
       1
       0
       2
       3
       1
       2
       1
       1
       1
       2
       4
       2
       2
       1
       0
       1
       3
       1
       0
       1
       1
       3
       1
       1
       1
       1
       4
       2
       0
       2
       1
       2
       0
       0
       0
       1
       4
       0
       0
       0
       1
       0
       1
       1
       2
       0
       0
       0
       0
       1
       2
       0
       0
       1
       1
       0
       0
       0
       3
       1
       2
       1
       0
       0
       2
       0
       1
       0
       0
       1
       1
       1
       1
       2
       1
       0
       0
       0
       0
       2
       1
       0
       0
       1
       1
       0
       0
       0
       1
       1
       0
       0
       2
       0
       2
      14
      10
      10
       8
      15
      16
      15
      20
       6
       9
       7
      17
      18
      19
      13
       9
       9
      14
       9
      11
      14
      12
       5
      12
$ROI:
0
$PRESETS:
Real Time
300
0
$ENER_FIT:
0.000000 0.000000
$MCA_CAL:
3
0.000000E+000 0.000000E+000 0.000000E+000
$SHAPE_CAL:
3
0.000000E+000 0.000000E+000 0.000000E+000
