$SPEC_ID:
xxx
$SPEC_REM:
DET# 1
DETDESC# MULTICAN MCB 1
AP# Maestro Version 5.30
$DATE_MEA:
01/01/2000 01:08:52
$MEAS_TIM:
135 300
$DATA:
0 1023
       0
       0
       0
       0
   76364
  199845
   61673
   10593
    2366
    1521
    1494
    1379
    1523
    1685
    1931
    2376
    2761
    3413
    4127
    4861
    5478
    5753
    6005
    6096
    5909
    5588
    5178
    4689
    4187
    3928
    3780
    3814
    3807
    3985
    3903
    4165
    4285
    4469
    4681
    4834
    5138
    5469
    5818
    6329
    6835
    7626
    8450
    9410
   10601
   11521
   12903
   13710
   14499
   15031
   15489
   15235
   14900
   14502
   13665
   12395
   11369
   10205
    9057
    7781
    6739
    5708
    4891
    4383
    3853
    3425
    3225
    3021
    2915
    2880
    2796
    2669
    2682
    2658
    2797
    2701
    2859
    2832
    2857
    3009
    2942
    2948
    3094
    3039
    3082
    3217
    3345
    3316
    3340
    3419
    3560
    3351
    3608
    3659
    3702
    3683
    3658
    3699
    3630
    3606
    3728
    3595
    3553
    3486
    3557
    3495
    3470
    3348
    3372
    3227
    3251
    3187
    3277
    3137
    3046
    3034
    2886
    2781
    2749
    2810
    2771
    2582
    2633
    2651
    2507
    2469
    2480
    2481
    2388
    2359
    2298
    2270
    2252
    2130
    2127
    2075
    2081
    2120
    2074
    1944
    1958
    1942
    1916
    1907
    1871
    1812
    1910
    1814
    1819
    1773
    1758
    1843
    1839
    1887
    1804
    1921
    1933
    2041
    2087
    2022
    2134
    2298
    2254
    2455
    2548
    2709
    2611
    2957
    2815
    2982
    3031
    3204
    3252
    3271
    3493
    3472
    3424
    3621
    3651
    3703
    3862
    3839
    3802
    3794
    3918
    3782
    3864
    3786
    3909
    3863
    3859
    3899
    3787
    3898
    3933
    3863
    4004
    4150
    4122
    4197
    4380
    4431
    4632
    4864
    5156
    5192
    5391
    5641
    5779
    6110
    6231
    6272
    6514
    6578
    6820
    6758
    6882
    6906
    6990
    6969
    6926
    6900
    6619
    6671
    6509
    6316
    6108
    5824
    5741
    5268
    5220
    4999
    4511
    4406
    4124
    3811
    3477
    3360
    3098
    2784
    2658
    2349
    2319
    2030
    1795
    1696
    1565
    1426
    1236
    1228
    1119
    1002
     912
     872
     769
     668
     595
     583
     516
     493
     466
     447
     414
     398
     312
     344
     329
     310
     300
     282
     264
     252
     242
     230
     212
     225
     197
     204
     183
     192
     178
     181
     159
     156
     128
     171
     141
     141
     141
     135
     133
     127
     122
     111
     125
     114
      97
     114
     103
      99
     118
     115
      95
      88
      91
     100
     101
      87
      72
     107
      63
      85
      79
      87
      59
      78
      69
      76
      75
      72
      72
      73
      86
      77
      76
      91
      66
      78
      71
      80
      69
      63
      64
      69
      56
      55
      54
      95
      53
      58
      76
      68
      53
      56
      60
      64
      75
      52
      59
      64
      50
      60
      64
      64
      63
      55
      50
      45
      52
      56
      57
      54
      47
      61
      58
      42
      46
      66
      61
      44
      49
      49
      57
      47
      47
      45
      43
      53
      42
      54
      44
      46
      44
      38
      50
      55
      41
      36
      40
      38
      28
      44
      37
      49
      39
      37
      51
      54
      44
      45
      42
      35
      38
      38
      36
      38
      30
      38
      38
      31
      30
      33
      25
      44
      34
      25
      31
      28
      23
      24
      32
      35
      37
      19
      31
      29
      28
      28
      33
      30
      26
      22
      28
      28
      24
      23
      30
      23
      24
      31
      23
      20
      17
      20
      21
      22
      17
      18
      18
      11
      12
      17
      17
      17
      19
      16
      17
      13
      14
      17
      12
      10
      15
      20
      15
      19
      19
      11
       8
      14
      10
      14
      13
       9
       6
       8
       9
       8
       6
       7
       7
      14
       8
       5
      11
       7
      10
       7
       7
      10
       2
       5
       5
       4
       5
       9
       5
       2
       9
       6
       8
       3
       6
       3
       6
       7
       4
       7
       5
       4
       6
       5
       2
       7
       5
       4
       7
       4
       3
       2
       3
       6
       2
       7
       9
       2
       5
       6
       3
       5
       3
       2
       5
       4
       3
       5
      11
       6
       6
       2
       4
       5
       2
       7
       2
       3
       3
       3
       3
       6
       2
       2
       4
       7
       2
       2
       4
       5
       4
       4
       9
       2
       3
       5
       4
       2
       6
       7
       4
       5
       4
       7
       3
       7
       3
       7
       1
       5
       7
       2
       5
       2
       5
       3
       6
       3
       4
       5
       4
       5
       3
       3
       2
       1
       2
       5
       5
       2
       4
       1
       4
       4
       0
       5
       4
       1
       5
       2
       2
       2
       3
       4
       5
       4
       6
       6
       3
       5
       3
       6
       3
       2
       2
       9
       7
       3
       7
       1
       4
       5
       3
       1
       3
       5
       0
       2
       4
       2
       0
       3
       3
       3
       2
       3
       6
       5
       5
       3
       5
       2
       3
       5
       2
       2
       4
       2
       1
       1
       2
       2
       4
       6
       2
       3
       3
       2
       2
       0
       5
       3
       3
       3
       4
       2
       3
       2
       2
       4
       2
       2
       8
       5
       3
       5
       4
       2
       1
       2
       4
       6
       0
       2
       1
       3
       3
       1
       3
       0
       0
       4
       8
       3
       8
       3
       3
       2
       4
       3
       3
       5
       1
       2
       3
       2
       0
       3
       2
       3
       2
       6
       2
       3
       4
       2
       2
       0
       1
       4
       4
       3
       0
       2
       2
       2
       4
       1
       2
       1
       1
       2
       1
       1
       0
       3
       3
       2
       4
       0
       3
       2
       1
       2
       1
       2
       1
       3
       2
       2
       0
       2
       0
       3
       1
       0
       2
       2
       1
       1
       2
       1
       3
       3
       2
       1
       1
       3
       5
       4
       1
       1
       3
       2
       3
       3
       1
       4
       1
       2
       3
       2
       1
       2
       0
       0
       0
       2
       2
       1
       3
       4
       1
       4
       2
       0
       1
       1
       1
       1
       5
       1
       4
       3
       4
       4
       3
       1
       2
       1
       2
       1
       4
       2
       2
       1
       3
       1
       2
       1
       4
       1
       2
       2
       3
       4
       0
       3
       1
       2
       9
       4
       4
       3
       1
       2
       2
       2
       3
       2
       0
       6
       5
       3
       6
       1
       4
       1
       2
       0
       3
       7
       2
       9
       7
       4
       4
       5
       7
       3
       2
       3
       3
       2
       7
       1
       2
       4
       5
       2
       5
       3
       5
       0
       0
       2
       5
       4
       3
       1
       3
       2
       2
       2
       2
       2
       3
       4
       1
       2
       1
       3
       2
       0
       0
       1
       1
       4
       1
       0
       0
       1
       0
       0
       2
       2
       1
       3
       2
       0
       2
       0
       1
       0
       0
       1
       1
       1
       1
       0
       1
       1
       2
       0
       0
       3
       2
       0
       1
       0
       0
       0
       0
       2
       1
       0
       0
       0
       2
       1
       0
       0
       1
       0
       2
       0
       2
       2
       2
       1
       3
       1
       0
       1
       1
       1
       0
       0
       2
       1
       1
       0
       0
       0
       2
       0
       0
       2
       0
       1
       1
       1
       2
       1
       0
       1
       1
       0
       0
       0
       0
       2
       0
       0
       1
       0
       0
       0
      12
      14
      18
      16
       7
      13
      13
      12
      15
      14
      10
       9
       8
      19
      13
      14
      14
       7
       9
      11
       9
      10
      12
      11
$ROI:
0
$PRESETS:
Real Time
300
0
$ENER_FIT:
0.000000 0.000000
$MCA_CAL:
3
0.000000E+000 0.000000E+000 0.000000E+000
$SHAPE_CAL:
3
0.000000E+000 0.000000E+000 0.000000E+000
