$SPEC_ID:
xxx
$SPEC_REM:
DET# 1
DETDESC# MULTICAN MCB 1
AP# Maestro Version 5.30
$DATE_MEA:
01/01/2000 00:31:08
$MEAS_TIM:
108 300
$DATA:
0 1023
       0
       0
       0
       0
   69771
  162976
   54367
   11399
    3066
    1812
    1611
    1709
    2210
    3239
    4940
    7933
   11771
   17069
   23196
   29644
   34665
   38788
   40808
   40792
   37989
   33811
   29167
   23617
   18769
   14793
   11212
    8742
    6951
    6096
    5355
    4941
    4642
    4823
    4841
    4971
    5086
    5320
    5446
    5766
    6323
    6651
    7554
    8077
    9113
    9990
   10973
   11823
   12860
   13439
   14016
   14342
   14292
   14072
   13486
   12934
   11517
   10804
    9704
    8660
    7518
    6655
    5564
    4990
    4347
    3906
    3496
    3097
    2982
    2849
    2767
    2583
    2565
    2559
    2484
    2492
    2543
    2422
    2472
    2604
    2571
    2582
    2578
    2545
    2515
    2597
    2703
    2646
    2700
    2809
    2774
    2878
    2853
    2903
    2941
    3096
    3031
    3041
    2983
    2979
    3015
    3063
    3028
    2962
    3008
    2969
    2943
    2823
    2862
    2878
    2858
    2797
    2667
    2710
    2603
    2663
    2549
    2489
    2412
    2423
    2374
    2416
    2324
    2322
    2226
    2255
    2247
    2117
    2109
    2065
    2051
    2026
    1900
    1831
    1908
    1865
    1804
    1832
    1771
    1681
    1732
    1671
    1696
    1601
    1627
    1544
    1466
    1521
    1511
    1517
    1510
    1543
    1511
    1494
    1493
    1442
    1471
    1549
    1554
    1524
    1562
    1590
    1689
    1725
    1843
    1866
    1855
    1942
    2003
    2084
    2229
    2227
    2233
    2380
    2412
    2537
    2611
    2580
    2709
    2763
    2892
    2870
    2922
    2927
    3052
    3019
    3101
    3060
    3032
    3163
    3060
    3127
    3028
    3097
    3135
    3096
    3146
    3121
    3204
    3219
    3045
    3269
    3231
    3492
    3450
    3619
    3571
    3864
    3918
    4023
    4179
    4453
    4528
    4767
    5011
    5037
    5220
    5329
    5339
    5448
    5618
    5742
    5751
    5632
    5733
    5781
    5566
    5640
    5595
    5303
    5210
    5099
    4949
    4793
    4516
    4422
    4067
    3973
    3717
    3355
    3370
    3282
    2956
    2818
    2517
    2509
    2217
    2022
    1838
    1808
    1571
    1582
    1428
    1268
    1184
    1103
     967
     903
     832
     778
     704
     664
     626
     615
     529
     516
     434
     430
     457
     360
     365
     353
     316
     265
     311
     265
     258
     248
     243
     214
     217
     212
     204
     158
     187
     174
     179
     158
     140
     174
     141
     154
     124
     118
     141
     122
     144
     137
     114
     108
     105
     112
     104
     103
      93
      79
      87
     113
      96
      83
      82
      96
      80
      76
      76
      72
      74
      66
      85
      67
      69
      81
      75
      76
      63
      55
      64
      61
      56
      77
      59
      58
      56
      55
      58
      50
      68
      64
      43
      45
      49
      64
      74
      61
      63
      52
      54
      55
      44
      57
      59
      50
      44
      59
      55
      43
      47
      61
      55
      55
      47
      47
      37
      42
      33
      64
      51
      30
      37
      40
      42
      44
      38
      33
      52
      39
      47
      54
      49
      49
      46
      34
      44
      48
      49
      27
      32
      40
      36
      38
      44
      30
      39
      32
      26
      47
      29
      36
      33
      30
      36
      36
      38
      38
      26
      36
      37
      44
      27
      32
      32
      30
      28
      35
      39
      33
      24
      33
      29
      35
      27
      27
      21
      26
      37
      23
      24
      38
      22
      35
      36
      31
      31
      26
      26
      25
      30
      25
      18
      22
      24
      30
      19
      21
      22
      23
      27
      20
      22
      25
      17
      19
      15
      24
      20
      16
       9
      21
      18
      16
      15
      12
      18
      13
      15
      16
      12
      14
      16
      14
      11
      11
      16
      12
      14
       9
       7
      12
      17
       8
       5
       8
      13
       8
      10
      13
       6
       8
       6
       3
       8
       9
       3
       7
       4
       4
       4
       4
      10
       7
       4
       9
       5
       7
       2
       4
       3
       5
       4
       6
       4
       6
       3
       5
       6
       5
       6
       4
       4
       3
       7
       2
       7
       4
       2
       2
       4
       4
       4
       4
       7
       6
       4
       3
       2
       1
       3
       7
       1
       2
       6
       4
      11
       5
       5
       2
       6
       6
       6
       1
       6
       1
       7
       3
       3
       7
       4
       3
       4
       3
       4
       6
       2
       6
       0
       2
       3
       1
       3
      11
       2
       4
       6
       5
       4
       0
       1
       5
       2
       2
       5
       2
       2
       5
       3
       4
       3
       2
       6
       4
       4
       6
       6
       2
      10
       6
       1
       6
       2
       2
       3
       6
       5
       2
       4
       5
       7
       2
       3
       3
       1
       2
       0
       2
       1
       2
       2
       4
       6
       2
       4
       4
       4
       2
       3
       2
       2
       2
       4
       5
       3
       2
       2
       3
       3
       2
       3
       4
       3
       4
       2
       2
       8
       2
       1
       6
       3
       2
       2
       3
       7
       4
       3
       4
       3
       4
       0
       1
       2
       5
       2
       3
       5
       3
       3
       3
       5
       1
       7
       6
       2
       1
       1
       2
       3
       3
       0
       2
       3
       0
       6
       2
       1
       1
       3
       5
       4
       0
       2
       6
       0
       5
       5
       3
       1
       4
       2
       3
       3
       2
       4
       1
       2
       3
       5
       5
       5
       0
       2
       4
       7
       6
       2
       2
       4
       1
       3
       5
       2
       3
       0
       8
       3
       6
       1
       2
       1
       3
       2
       1
       3
       3
       1
       5
       3
       2
       0
       2
       4
       1
       4
       2
       2
       5
       3
       3
       3
       4
       2
       2
       3
       3
       2
       2
       1
       1
       3
       0
       0
       2
       2
       3
       4
       2
       1
       0
       1
       2
       3
       2
       3
       1
       2
       2
       1
       1
       0
       0
       0
       2
       1
       1
       0
       5
       6
       3
       1
       2
       2
       1
       3
       1
       1
       1
       2
       1
       3
       2
       0
       3
       1
       4
       4
       5
       0
       2
       4
       1
       1
       4
       3
       2
       4
       0
       2
       0
       3
       1
       2
       1
       2
       0
       3
       2
       1
       1
       2
       3
       3
       0
       0
       2
       1
       1
       1
       2
       2
       5
       2
       2
       0
       1
       1
       5
       2
       4
       4
       3
       4
       0
       3
       1
       3
       2
       3
       5
       1
       1
       2
       4
       3
       2
       3
       0
       1
       2
       4
       2
       1
       2
       0
       0
       1
       3
       1
       8
       2
       3
       2
       3
       1
       1
       5
       3
       2
       2
       2
       4
       3
       2
       1
       5
       3
       2
       6
       1
       1
       4
       4
       1
       1
       2
       3
       2
       2
       3
       3
       3
       2
       2
       3
       3
       3
       2
       1
       1
       5
       4
       0
       1
       1
       2
       2
       2
       3
       1
       1
       1
       0
       0
       1
       1
       1
       4
       2
       1
       0
       0
       0
       0
       1
       0
       1
       2
       0
       1
       0
       0
       0
       2
       0
       0
       0
       1
       1
       0
       1
       1
       1
       0
       1
       0
       0
       0
       2
       2
       1
       2
       2
       1
       3
       0
       0
       0
       1
       0
       0
       0
       2
       1
       0
       2
       0
       1
       1
       0
       2
       2
       1
       1
       1
       1
       0
       0
       1
       1
      19
       8
       6
      12
       9
      12
       9
      11
       8
      12
      10
      10
      10
      14
      14
       7
      13
      13
       6
       9
      12
      15
      13
      15
$ROI:
0
$PRESETS:
Real Time
300
0
$ENER_FIT:
0.000000 0.000000
$MCA_CAL:
3
0.000000E+000 0.000000E+000 0.000000E+000
$SHAPE_CAL:
3
0.000000E+000 0.000000E+000 0.000000E+000
