$SPEC_ID:
xxx
$SPEC_REM:
DET# 1
DETDESC# MULTICAN MCB 1
AP# Maestro Version 5.30
$DATE_MEA:
01/01/2000 03:30:28
$MEAS_TIM:
493 600
$DATA:
0 1023
       0
       0
       0
       0
   68133
   86478
    6851
     495
     212
     190
     223
     178
     184
     198
     226
     218
     207
     238
     223
     249
     223
     264
     260
     275
     260
     284
     282
     285
     281
     309
     353
     365
     402
     379
     394
     455
     446
     471
     523
     514
     561
     596
     631
     654
     694
     686
     693
     722
     685
     762
     796
     758
     783
     818
     839
     806
     755
     800
     836
     853
     782
     851
     820
     843
     797
     814
     786
     797
     772
     804
     749
     757
     822
     837
     795
     779
     792
     742
     743
     694
     706
     714
     730
     694
     746
     686
     688
     675
     684
     674
     663
     628
     595
     655
     639
     639
     607
     609
     584
     592
     606
     582
     582
     562
     522
     521
     577
     567
     549
     525
     544
     496
     472
     513
     540
     534
     523
     552
     509
     465
     492
     486
     482
     513
     487
     464
     491
     501
     461
     470
     504
     493
     470
     513
     451
     437
     478
     429
     473
     471
     439
     414
     389
     448
     425
     434
     411
     372
     425
     377
     369
     362
     364
     383
     350
     359
     327
     360
     365
     336
     325
     346
     335
     325
     311
     286
     295
     289
     297
     298
     330
     291
     283
     287
     279
     295
     278
     283
     279
     274
     267
     267
     268
     267
     249
     261
     243
     266
     258
     246
     234
     210
     221
     221
     245
     227
     235
     228
     267
     206
     207
     188
     234
     263
     195
     243
     225
     226
     204
     219
     213
     200
     219
     195
     165
     185
     197
     195
     185
     176
     167
     174
     216
     170
     186
     194
     166
     195
     176
     171
     167
     177
     156
     146
     182
     171
     155
     164
     158
     187
     158
     171
     123
     143
     155
     173
     161
     142
     176
     144
     152
     128
     151
     137
     153
     124
     155
     144
     137
     149
     151
     140
     145
     119
     171
     136
     138
     142
     142
     158
     140
     131
     137
     132
     143
     142
     136
     145
     124
     143
     144
     142
     138
     162
     138
     115
     142
     124
     136
     123
     151
     132
     140
     127
     110
     131
     131
     133
     117
     129
     129
     142
     134
     150
     128
     140
     111
     116
     127
     150
     128
     141
     119
     124
     116
     135
     120
     128
     130
     132
     113
     126
     120
     128
     126
     149
     115
     119
      99
     128
     115
     110
     135
     139
     120
     126
      98
     104
     119
     126
     125
     117
     129
     139
     115
     112
     129
     123
      96
     104
     117
     124
     118
     122
     117
      96
     142
     110
     118
     120
      93
     109
     103
     107
      89
     120
     135
     102
      95
     110
     124
     100
      97
     107
     111
     108
     118
     108
      93
      97
     104
     121
     118
      91
     117
     113
     116
     116
      98
     108
     108
     112
      94
     110
     102
     100
     103
      94
     116
     118
      92
     101
      90
      92
     106
     102
     118
     102
     113
     108
     100
     119
     115
     113
     104
     105
     121
     114
     102
      99
     112
      79
     101
      87
     107
      91
     104
     113
     107
     109
      99
      87
     112
     110
     104
      84
     105
      85
     131
     104
     109
     134
      92
     121
      95
      99
     114
     114
     103
     119
     117
     103
     116
     105
     105
     119
     109
     117
     109
     126
     105
     119
      98
     106
     100
     119
     102
     102
     103
      93
     113
     107
     117
      98
     118
     121
     104
     111
      97
     109
     112
     131
      98
      80
     122
     109
     110
      92
     102
     121
     134
      98
     118
     107
     111
     111
     100
     107
     107
     122
     106
     109
     114
     110
     116
     116
     109
      90
     117
      97
      84
     102
     124
     105
     117
     117
     100
     116
     117
     104
     127
     113
     117
     117
     107
     102
     117
     102
     103
     111
      90
      94
      98
     102
      86
     105
      99
     100
      89
     102
      82
      95
      92
      72
     105
      99
      93
      95
      87
      79
      82
      70
      83
      84
      77
      87
      80
      91
      77
      74
      84
      84
      82
      84
      68
      78
      77
      81
      72
      78
      73
      79
      86
      70
      72
      86
      89
      61
      75
      79
      64
      78
      80
      68
      71
      93
      72
      62
      74
      74
      83
      62
      75
      76
      78
      56
      67
      68
      70
      81
      65
      67
      68
      77
      56
      70
      61
      66
      64
      70
      83
      75
      74
      82
      84
      88
      73
     100
      80
      88
      87
      99
      94
      96
      86
      88
      99
      97
     100
     113
     112
      92
     118
     121
     105
     123
     105
     102
     147
     142
     124
     134
     147
     140
     126
     135
     144
     122
     155
     147
     142
     144
     168
     144
     151
     171
     153
     168
     166
     162
     124
     146
     141
     155
     134
     142
     141
     162
     130
     137
     138
     145
     148
     151
     132
     130
     140
     129
     133
     111
      99
      98
     121
     105
      84
     102
      92
      80
      79
      87
      80
      95
      69
     108
      76
      72
      77
      75
      83
      70
      82
      76
      49
      77
      68
      84
      63
      70
      70
      77
      83
      57
      73
      81
      53
      77
      70
      80
      85
      72
      77
      97
      92
     100
     102
     100
      97
      91
     106
      87
      79
     113
     104
      91
     104
     106
      98
     113
      90
      96
     105
     123
     118
     111
     116
     110
     105
     116
     100
     116
     116
     114
     102
     114
     107
     102
     100
     119
     107
      95
      93
      94
     111
      97
      95
      86
      77
     100
      93
      86
      72
      78
      62
      67
      68
      82
      56
      66
      64
      67
      60
      48
      53
      47
      50
      49
      53
      50
      36
      48
      41
      32
      38
      43
      35
      36
      28
      33
      29
      20
      32
      19
      28
      36
      18
      30
      24
      28
      16
      27
      24
      16
      23
      16
      25
      19
      19
      23
      25
      14
      23
      19
      15
      16
      18
      12
      16
      22
      19
      10
       9
      16
      11
       9
      12
      18
      10
      11
      19
      14
      13
       4
       9
       5
       7
      11
      12
      13
      16
       6
      10
       7
       9
      12
       9
      13
       9
       6
      11
       4
      10
       9
       6
       3
      10
       8
      10
       9
       7
       5
       6
       3
       4
       5
       4
       5
       2
       3
       4
       5
       8
       3
       6
       4
       6
       3
       3
       8
       6
       3
       3
       2
       5
       2
       2
       3
       2
       1
       3
       4
       0
       4
       2
       4
       1
       1
       2
       4
       4
       1
       2
       2
       4
       7
       3
       6
       4
       1
       2
       2
       7
       6
       4
       1
       3
       1
       4
       0
       4
       6
       3
       2
       3
       2
       2
       2
       4
       3
       5
       5
       7
       2
       3
       3
       1
       2
       3
       1
       1
       5
       2
       4
       2
       0
       2
       2
       4
       3
       4
       2
       0
       2
       1
       1
       6
       3
       2
       4
       1
       5
       4
       4
       4
       2
       3
       3
       3
       3
       3
       3
       3
       5
       3
       6
       4
       2
       2
       1
       1
       6
       4
       4
       4
       4
       2
       4
       3
       4
       1
       3
      42
      39
      48
      49
      44
      51
      36
      38
      55
      50
      39
      52
      44
      35
      38
      32
      38
      32
      36
      55
      37
      50
      47
      39
$ROI:
0
$PRESETS:
Real Time
600
0
$ENER_FIT:
0.000000 0.000000
$MCA_CAL:
3
0.000000E+000 0.000000E+000 0.000000E+000
$SHAPE_CAL:
3
0.000000E+000 0.000000E+000 0.000000E+000
