$SPEC_ID:
xxx
$SPEC_REM:
DET# 1
DETDESC# MULTICAN MCB 1
AP# Maestro Version 5.30
$DATE_MEA:
01/01/2000 02:38:24
$MEAS_TIM:
246 300
$DATA:
0 1023
       0
       0
       0
       0
   35679
   45669
    3609
     258
     106
      98
      98
     102
     105
     124
      92
     118
     121
     127
     132
     145
     126
     140
     128
     140
     135
     138
     139
     159
     158
     189
     173
     193
     164
     198
     200
     267
     239
     257
     260
     296
     291
     317
     338
     292
     322
     340
     358
     375
     367
     365
     415
     395
     414
     406
     420
     455
     427
     448
     429
     429
     407
     415
     405
     438
     452
     410
     375
     446
     411
     408
     405
     405
     397
     397
     356
     389
     372
     372
     365
     373
     392
     356
     386
     406
     356
     338
     357
     325
     361
     375
     340
     314
     297
     333
     317
     318
     288
     309
     312
     308
     266
     289
     295
     270
     298
     276
     253
     265
     257
     248
     277
     264
     241
     256
     233
     272
     239
     277
     255
     241
     232
     240
     245
     245
     254
     234
     243
     241
     207
     258
     226
     219
     226
     246
     237
     234
     214
     232
     229
     232
     247
     200
     210
     212
     211
     197
     197
     187
     204
     216
     191
     194
     184
     184
     185
     162
     182
     159
     183
     171
     172
     171
     158
     163
     177
     159
     185
     139
     164
     149
     127
     152
     149
     155
     147
     122
     122
     144
     126
     145
     133
     159
     123
     131
     119
     141
     124
     118
     125
     123
     145
     112
     110
     103
     131
     121
     123
     105
     106
     107
     101
     117
     109
      93
      90
     118
      89
     124
     113
     107
     118
     112
      99
      96
     115
     113
      92
     100
      94
      97
      94
      94
     103
      79
      93
      95
     110
      90
      89
      72
      85
      78
      92
      97
      90
      97
      81
     102
      70
      80
      79
      97
      87
     105
      76
      75
      76
      75
      90
      70
      77
      69
      77
      79
      80
      87
      77
      69
      75
      68
      65
      69
      73
      69
      61
      65
      65
      62
      69
      60
      80
      59
      99
      74
      73
      78
      81
      64
      55
      75
      65
      82
      56
      63
      64
      64
      57
      59
      52
      74
      54
      71
      54
      68
      64
      56
      82
      57
      57
      61
      57
      67
      62
      56
      69
      60
      55
      54
      50
      60
      58
      58
      75
      54
      63
      74
      68
      54
      63
      60
      69
      68
      62
      59
      46
      61
      65
      61
      67
      69
      69
      58
      58
      65
      64
      70
      59
      58
      49
      37
      53
      41
      76
      58
      63
      57
      67
      48
      52
      67
      50
      60
      67
      66
      51
      65
      61
      56
      74
      52
      61
      58
      67
      56
      61
      60
      49
      64
      51
      68
      67
      53
      56
      50
      59
      59
      72
      62
      51
      46
      71
      52
      34
      58
      39
      68
      50
      51
      59
      50
      51
      71
      70
      43
      61
      56
      65
      69
      50
      62
      47
      59
      56
      57
      55
      53
      43
      59
      52
      50
      46
      51
      60
      44
      57
      45
      48
      56
      55
      58
      51
      49
      57
      49
      53
      48
      57
      44
      57
      51
      46
      56
      60
      60
      53
      51
      55
      38
      52
      61
      50
      67
      52
      52
      49
      53
      56
      54
      53
      54
      51
      52
      60
      47
      56
      46
      41
      55
      69
      58
      51
      54
      61
      53
      63
      50
      58
      46
      45
      56
      53
      63
      64
      61
      57
      44
      59
      47
      58
      66
      63
      60
      55
      63
      49
      56
      66
      66
      53
      58
      62
      57
      55
      65
      66
      57
      44
      67
      66
      80
      54
      58
      68
      55
      57
      48
      63
      63
      65
      62
      65
      52
      69
      66
      58
      48
      60
      60
      66
      46
      48
      55
      61
      54
      61
      49
      53
      45
      49
      52
      56
      44
      59
      43
      60
      48
      39
      49
      40
      42
      40
      44
      39
      47
      48
      49
      58
      38
      47
      45
      47
      37
      49
      55
      48
      41
      42
      48
      47
      37
      40
      47
      52
      42
      36
      31
      43
      41
      35
      28
      36
      43
      36
      41
      31
      28
      45
      44
      38
      37
      36
      39
      48
      38
      35
      27
      31
      33
      29
      25
      53
      40
      49
      38
      28
      43
      47
      49
      37
      32
      40
      38
      30
      35
      39
      40
      28
      46
      46
      38
      44
      37
      36
      46
      36
      29
      53
      38
      38
      52
      43
      33
      53
      44
      59
      39
      57
      54
      55
      45
      52
      60
      66
      42
      59
      54
      66
      66
      62
      72
      65
      76
      67
      81
      76
      65
      77
      81
      70
      73
      75
      84
      84
      81
      82
      75
      77
      81
      82
      93
      95
      84
      81
      78
      91
      69
      71
      76
      77
      71
      80
      78
      88
      64
      82
      71
      68
      65
      49
      65
      59
      58
      59
      58
      59
      74
      63
      55
      47
      46
      43
      59
      46
      41
      50
      42
      48
      54
      50
      41
      36
      29
      33
      53
      51
      35
      44
      40
      44
      40
      27
      44
      35
      35
      39
      23
      41
      43
      46
      46
      45
      39
      39
      47
      45
      51
      60
      54
      52
      60
      52
      62
      51
      52
      52
      68
      60
      53
      67
      74
      65
      78
      64
      71
      62
      65
      58
      58
      76
      52
      64
      63
      61
      71
      46
      61
      60
      61
      52
      60
      52
      48
      43
      53
      45
      61
      45
      53
      38
      49
      37
      49
      38
      47
      46
      49
      34
      33
      39
      33
      43
      26
      24
      34
      21
      31
      29
      25
      24
      29
      23
      22
      23
      17
      15
      21
      13
      21
      16
      17
      14
      10
      11
       9
      10
      17
      12
       8
       7
       6
      11
      17
      18
      13
       8
       7
      10
       9
      15
      11
       6
       9
       4
      10
       4
       8
       3
      12
       8
       5
       8
       4
       8
       4
       8
      12
       4
       8
       7
       6
       6
       5
       6
       7
       7
       4
       4
       9
       4
       6
       4
       5
       6
       7
       3
       3
       3
       2
       5
       4
       3
       5
       9
       0
       1
       6
       2
       3
       4
       0
       2
       3
       1
       3
       2
       2
       3
       3
       1
       4
       5
       3
       4
       4
       3
       1
       2
       4
       2
       2
       3
       0
       1
       2
       0
       1
       3
       3
       3
       2
       0
       1
       2
       1
       1
       0
       2
       2
       1
       2
       1
       0
       2
       3
       1
       1
       0
       1
       2
       1
       0
       0
       0
       2
       1
       0
       1
       1
       1
       1
       0
       1
       0
       1
       2
       1
       1
       1
       1
       3
       3
       0
       1
       1
       0
       3
       1
       1
       4
       3
       1
       1
       3
       0
       2
       0
       3
       0
       1
       1
       1
       6
       0
       1
       1
       4
       1
       1
       1
       1
       2
       2
       3
       1
       2
       1
       1
       1
       1
       2
       0
       3
       2
       0
       3
       1
       2
       2
       0
       1
       1
       1
       1
       1
       3
       4
       2
       2
       2
       1
      22
      20
      18
      24
      24
      18
      20
      32
      14
      27
      18
      30
      25
      10
      23
      15
      17
      23
      22
      18
      32
      32
      18
      21
$ROI:
0
$PRESETS:
Real Time
300
0
$ENER_FIT:
0.000000 0.000000
$MCA_CAL:
3
0.000000E+000 0.000000E+000 0.000000E+000
$SHAPE_CAL:
3
0.000000E+000 0.000000E+000 0.000000E+000
