$SPEC_ID:
xxx
$SPEC_REM:
DET# 1
DETDESC# MULTICAN MCB 1
AP# Maestro Version 5.30
$DATE_MEA:
01/01/2000 02:44:53
$MEAS_TIM:
246 300
$DATA:
0 1023
       0
       0
       0
       0
   32458
   42280
    3478
     230
     112
      98
      93
     101
     123
     122
      93
     118
     128
     133
     141
     127
     123
     135
     132
     139
     142
     140
     137
     155
     159
     155
     156
     190
     179
     223
     211
     224
     230
     256
     312
     281
     287
     323
     318
     333
     351
     319
     399
     386
     401
     395
     423
     384
     420
     447
     407
     440
     401
     422
     394
     408
     453
     379
     434
     422
     390
     386
     397
     386
     422
     404
     418
     390
     388
     407
     373
     415
     386
     391
     351
     309
     338
     395
     327
     359
     356
     354
     381
     364
     340
     362
     301
     314
     326
     304
     307
     309
     305
     293
     300
     324
     304
     267
     264
     277
     277
     312
     292
     272
     279
     290
     291
     259
     247
     254
     277
     290
     264
     264
     238
     240
     231
     233
     258
     252
     256
     221
     260
     243
     235
     218
     234
     216
     236
     211
     227
     230
     236
     234
     224
     274
     211
     213
     220
     228
     207
     194
     202
     204
     209
     185
     194
     200
     209
     180
     187
     181
     162
     174
     201
     145
     183
     158
     160
     152
     169
     172
     139
     139
     148
     143
     142
     162
     155
     128
     137
     167
     155
     132
     138
     130
     156
     130
     126
     134
     132
     142
     113
     118
     105
     143
     107
     148
     129
     103
     102
     120
     104
     105
     102
     135
     119
     112
     104
     107
     102
     103
     114
      89
     100
     114
     108
     104
     106
      78
      99
     116
      91
     103
     105
     103
     114
      88
      93
      99
      89
      68
      85
      86
      85
      86
      88
      87
      76
      78
      79
      85
      78
      69
      95
      78
      73
      71
      78
      79
      80
      65
      90
      84
      81
      85
      67
      87
      72
      69
      79
      85
      66
      70
      78
      84
      89
      70
      78
      63
      69
      67
      67
      72
      60
      83
      65
      64
      62
      77
      65
      67
      78
      65
      88
      59
      67
      69
      64
      63
      79
      63
      64
      72
      83
      62
      68
      64
      56
      58
      82
      66
      70
      75
      71
      76
      81
      54
      50
      66
      63
      71
      74
      61
      62
      63
      47
      66
      52
      59
      64
      57
      82
      67
      61
      52
      54
      57
      63
      65
      58
      58
      61
      61
      55
      57
      57
      54
      59
      58
      64
      54
      56
      55
      63
      78
      54
      62
      56
      84
      44
      59
      52
      43
      49
      83
      62
      53
      68
      48
      54
      43
      65
      54
      66
      64
      54
      45
      56
      43
      50
      55
      50
      56
      60
      59
      47
      57
      62
      68
      60
      68
      53
      58
      64
      55
      54
      68
      60
      56
      53
      46
      61
      44
      54
      59
      45
      53
      62
      46
      61
      51
      59
      56
      53
      62
      56
      52
      55
      71
      67
      52
      51
      47
      56
      66
      56
      54
      61
      56
      51
      74
      61
      49
      59
      43
      52
      55
      64
      54
      60
      49
      57
      65
      41
      47
      50
      53
      59
      49
      55
      43
      64
      44
      70
      61
      56
      48
      67
      59
      58
      57
      49
      67
      43
      58
      62
      56
      54
      56
      58
      59
      55
      59
      56
      63
      49
      60
      63
      52
      52
      38
      55
      68
      49
      64
      54
      63
      44
      55
      51
      59
      63
      50
      55
      61
      58
      59
      47
      57
      55
      65
      71
      62
      63
      53
      50
      58
      71
      64
      68
      69
      43
      56
      54
      45
      63
      56
      52
      55
      54
      56
      51
      47
      45
      49
      52
      59
      63
      74
      45
      55
      64
      62
      56
      49
      46
      60
      50
      61
      60
      49
      45
      42
      57
      44
      63
      41
      52
      47
      43
      47
      55
      55
      61
      62
      53
      49
      43
      49
      43
      57
      39
      53
      52
      39
      46
      44
      39
      48
      55
      51
      37
      33
      47
      35
      47
      37
      43
      42
      38
      36
      44
      39
      41
      50
      49
      43
      39
      47
      45
      36
      34
      33
      34
      44
      33
      41
      38
      28
      33
      36
      40
      37
      32
      31
      35
      45
      24
      30
      38
      37
      37
      42
      38
      34
      32
      31
      25
      36
      41
      28
      35
      32
      31
      36
      42
      34
      34
      50
      49
      36
      32
      35
      44
      43
      35
      43
      41
      45
      51
      57
      54
      49
      54
      60
      51
      65
      50
      54
      57
      74
      64
      57
      78
      68
      67
      77
      89
      73
      64
      74
      72
      86
     104
      83
      73
      87
      65
     104
      89
      75
      82
      70
      96
      69
      79
      96
     103
     101
      91
      88
      69
      86
      86
      80
      95
      68
      65
      70
      64
      74
      82
      82
      70
      64
      74
      55
      61
      43
      56
      61
      52
      55
      51
      42
      51
      38
      38
      40
      45
      33
      35
      37
      42
      38
      39
      35
      29
      52
      33
      26
      35
      36
      30
      36
      41
      25
      33
      28
      35
      44
      41
      41
      39
      42
      57
      36
      51
      52
      56
      53
      51
      56
      55
      57
      74
      56
      48
      53
      63
      47
      56
      65
      65
      70
      59
      64
      74
      64
      81
      77
      57
      65
      52
      59
      62
      48
      57
      61
      57
      66
      57
      61
      70
      56
      50
      63
      61
      55
      49
      56
      54
      51
      47
      49
      45
      33
      47
      47
      27
      45
      45
      41
      35
      33
      34
      29
      27
      31
      26
      19
      38
      20
      19
      34
      20
      25
      18
      20
      23
      20
      14
      15
      15
      12
      11
      11
      11
      12
      18
      14
      10
      16
      10
      10
      14
       9
       8
      10
       6
      16
       9
      10
      16
       6
      10
      11
       8
      16
       5
       9
       3
       7
       4
       9
       6
      11
       6
       2
       4
       2
       7
       3
       6
       8
       6
       7
       3
       6
       6
       3
       7
       6
       5
       1
       2
       3
       9
       2
       5
      11
       4
       3
       3
       4
       4
       2
       3
       4
       7
       4
       1
       2
       2
       4
       5
       6
       3
       1
       1
       2
       0
       5
       3
       3
       2
       3
       2
       3
       3
       2
       4
       4
       3
       0
       6
       4
       2
       2
       4
       2
       1
       1
       2
       2
       3
       3
       1
       2
       0
       2
       0
       1
       1
       2
       3
       2
       4
       3
       0
       4
       2
       1
       5
       0
       1
       1
       1
       0
       4
       2
       1
       0
       1
       1
       3
       1
       5
       3
       3
       1
       0
       0
       2
       2
       0
       4
       2
       2
       1
       3
       3
       2
       0
       0
       0
       2
       2
       0
       2
       2
       1
       2
       2
       0
       0
       0
       3
       0
       0
       1
       2
       1
       3
       1
       3
       0
       1
       0
       3
       0
       2
       0
       0
       3
       1
       1
       2
       0
       3
       3
       2
       1
       1
       1
       0
       3
       0
       1
       3
       3
       0
       2
       1
       0
      16
      16
      21
      24
      19
      14
      26
      21
      21
      21
      24
      16
      24
      14
      22
      20
      24
      23
      22
      24
      24
      18
      14
      11
$ROI:
0
$PRESETS:
Real Time
300
0
$ENER_FIT:
0.000000 0.000000
$MCA_CAL:
3
0.000000E+000 0.000000E+000 0.000000E+000
$SHAPE_CAL:
3
0.000000E+000 0.000000E+000 0.000000E+000
