$SPEC_ID:
xxx
$SPEC_REM:
DET# 1
DETDESC# MULTICAN MCB 1
AP# Maestro Version 5.30
$DATE_MEA:
01/01/2000 03:42:35
$MEAS_TIM:
493 600
$DATA:
0 1023
       0
       0
       0
       0
   61559
   79839
    6168
     451
     224
     200
     196
     214
     190
     199
     203
     216
     233
     225
     239
     262
     249
     246
     279
     259
     277
     247
     280
     304
     327
     290
     327
     336
     345
     353
     366
     438
     488
     492
     470
     524
     584
     575
     582
     615
     668
     724
     720
     714
     705
     792
     773
     766
     811
     793
     798
     843
     829
     820
     814
     805
     819
     837
     819
     818
     831
     838
     733
     773
     823
     809
     869
     829
     810
     783
     852
     738
     799
     718
     745
     695
     766
     765
     745
     730
     718
     660
     713
     680
     677
     681
     669
     609
     648
     686
     652
     609
     609
     609
     588
     572
     566
     592
     562
     583
     584
     553
     570
     527
     536
     542
     524
     563
     535
     556
     547
     485
     527
     515
     515
     501
     508
     491
     537
     500
     480
     530
     515
     486
     479
     485
     512
     484
     445
     471
     484
     460
     519
     427
     470
     421
     433
     419
     402
     394
     382
     420
     403
     429
     381
     389
     405
     397
     346
     365
     398
     360
     344
     339
     343
     347
     332
     302
     306
     301
     312
     269
     288
     288
     295
     302
     285
     276
     295
     302
     302
     289
     267
     292
     255
     259
     259
     274
     271
     290
     248
     244
     265
     270
     244
     206
     228
     245
     225
     251
     221
     243
     234
     245
     241
     244
     207
     177
     253
     204
     229
     213
     229
     205
     208
     195
     197
     202
     178
     190
     198
     203
     192
     193
     188
     161
     202
     163
     164
     161
     181
     162
     164
     169
     178
     195
     159
     173
     153
     180
     164
     165
     185
     155
     159
     166
     160
     145
     154
     143
     166
     157
     163
     168
     160
     175
     157
     144
     169
     163
     180
     138
     148
     150
     142
     156
     142
     149
     148
     133
     141
     140
     144
     153
     145
     150
     159
     150
     148
     153
     136
     136
     146
     130
     133
     136
     119
     141
     125
     160
     135
     118
     131
     129
     153
     155
     135
     158
     145
     127
     147
     116
     153
     132
     147
     142
     124
     127
     157
     126
     134
     114
     137
     118
     120
     112
     138
     119
     120
     115
     128
     106
     146
     117
     136
     136
     126
     131
     115
     117
     124
     144
     134
     112
     113
     132
     115
     139
     122
     117
     134
     134
     121
     117
     117
     108
     126
     133
     118
     113
     147
     134
     136
     130
     117
     103
     118
     119
     106
     123
     113
     100
     114
     115
     108
     123
     141
     109
     106
     105
     112
     108
     116
     119
     108
      97
     107
     103
     126
     121
     119
     113
      99
     123
      95
     105
      97
     104
     101
     102
     133
     108
     124
     120
      88
     122
     101
     103
     102
     101
     101
     106
     105
      87
     124
      90
      95
     108
     102
      87
     112
     116
     103
     113
     104
      92
     107
      84
      91
      91
     103
     109
     108
      96
     128
      98
     108
     104
      88
     106
     107
     100
     104
     104
     104
     110
      94
     114
     110
     114
     112
     115
      95
     122
      83
      91
     105
      99
     105
     102
     100
     110
     106
     104
      99
     118
     118
     115
     102
     105
     109
     114
     100
      99
     104
     112
     117
     118
     100
     114
     112
     100
      98
     114
     106
     121
     105
     104
     114
     101
      93
     107
     124
     115
     101
     113
      96
      88
     107
     111
     106
     103
     109
      92
     114
     114
     113
     118
      97
     102
     122
      91
     117
     119
     114
     106
      97
     106
     109
     103
      93
      86
      98
     106
      98
     105
     117
     103
     110
      92
     107
     108
      84
      92
      94
     118
      79
     125
      84
      99
     111
      90
      94
      90
      98
     105
      88
      94
     119
      95
      92
     103
      89
     101
      83
      85
      93
      78
      87
      75
      87
      71
      69
      74
     110
      89
      64
      88
      72
      82
      89
      54
      88
      81
      72
      73
      68
      80
      80
      65
      70
      79
      70
      67
      88
      78
      77
      79
      73
      66
      78
      67
      64
      69
      66
      76
      79
      71
      56
      62
      86
      85
      83
      71
      80
      66
      68
      77
      65
      56
      60
      62
      72
      61
      62
      60
      83
      69
      86
      59
      65
      70
      63
      68
      81
      77
      70
      83
      80
      70
      71
      69
      80
      74
      90
      77
      78
      79
      68
      77
      78
      93
      88
      83
     109
     107
     111
     129
     109
      88
     113
     109
     124
     118
     119
     120
     134
     128
     140
     123
     147
     134
     125
     155
     153
     150
     133
     127
     159
     153
     145
     132
     154
     144
     129
     150
     145
     149
     169
     154
     140
     144
     157
     155
     126
     125
     112
     139
     133
     141
     128
     118
     113
     109
     118
     107
     113
     100
      91
     101
     113
      78
     101
      70
      74
      69
      84
      85
      75
      76
      68
      57
      62
      53
      84
      57
      72
      64
      71
      69
      64
      68
      64
      57
      74
      65
      70
      66
      70
      76
      62
      69
      74
      81
      67
      70
      85
      76
      95
      78
      78
      87
      97
      92
     100
     114
     109
      98
      89
      93
      89
      91
     102
     101
     101
     125
     103
     112
      99
      93
     118
     106
     105
     106
     120
     115
     104
     112
     105
     111
     100
      75
     123
      95
     103
      99
      85
      87
      95
      85
      87
      71
      83
      80
      92
      72
      68
      82
      52
      71
      62
      65
      60
      54
      57
      58
      58
      56
      53
      39
      41
      52
      39
      35
      39
      40
      40
      31
      36
      26
      22
      28
      29
      29
      23
      29
      21
      25
      26
      22
      26
      20
      29
      24
      15
      19
      26
      17
      11
      23
      23
      16
      16
      16
      16
      19
      23
      15
       9
      18
      19
      13
      16
      13
      19
      19
      23
      14
       9
      15
      11
      11
      17
      11
      11
       8
      13
      11
      12
      14
       7
      14
      10
       7
       8
       4
       5
      13
      10
       4
      12
      13
       5
      11
       6
       6
       5
       6
       6
       4
       7
       5
       8
       8
       6
       5
       4
       7
       4
       6
       6
       5
       3
       4
       7
       5
       4
       4
       3
       4
       4
       2
       1
       5
       3
       2
       3
       5
      10
       2
       5
       3
       6
       3
       2
       7
       5
       1
       0
       2
       5
       4
       1
       5
       3
       5
       3
       3
       4
       5
       3
       2
       4
       6
       2
       1
       6
       8
       4
       2
       7
       4
       2
       3
       2
       2
       5
       2
       3
       2
       3
       3
       3
       3
       2
       6
       0
       1
       2
       2
       1
       2
       2
       2
       2
       2
       6
       5
       3
       1
       0
       2
       0
       0
       5
       2
       5
       4
       1
       3
       2
       2
       3
       3
       2
       4
       1
       4
       5
       6
       0
       6
       5
       2
       2
       4
       1
       3
       1
       1
       2
       1
       4
       1
       1
       3
       3
       2
       3
       1
       0
       3
       6
       0
       3
       0
      45
      42
      55
      44
      35
      42
      40
      49
      44
      48
      49
      27
      46
      37
      34
      48
      38
      54
      35
      53
      39
      41
      31
      34
$ROI:
0
$PRESETS:
Real Time
600
0
$ENER_FIT:
0.000000 0.000000
$MCA_CAL:
3
0.000000E+000 0.000000E+000 0.000000E+000
$SHAPE_CAL:
3
0.000000E+000 0.000000E+000 0.000000E+000
