$SPEC_ID:
xxx
$SPEC_REM:
DET# 1
DETDESC# MULTICAN MCB 1
AP# Maestro Version 5.30
$DATE_MEA:
01/01/2000 03:16:36
$MEAS_TIM:
490 600
$DATA:
0 1023
       0
       0
       0
       0
   74499
   91573
    7018
     506
     211
     201
     195
     224
     192
     214
     209
     248
     204
     218
     208
     226
     261
     243
     248
     294
     254
     276
     258
     261
     300
     314
     359
     355
     360
     402
     379
     427
     477
     459
     530
     499
     565
     562
     634
     586
     614
     687
     692
     765
     751
     742
     790
     786
     771
     797
     737
     786
     848
     829
     860
     803
     799
     825
     794
     818
     824
     792
     775
     795
     740
     730
     802
     841
     761
     793
     820
     785
     788
     749
     797
     753
     698
     761
     759
     703
     677
     737
     708
     674
     683
     696
     693
     647
     623
     634
     671
     640
     643
     653
     629
     593
     609
     556
     615
     569
     616
     575
     593
     566
     557
     543
     539
     600
     506
     484
     489
     518
     552
     491
     523
     521
     490
     521
     501
     522
     500
     461
     494
     488
     475
     484
     465
     487
     484
     460
     466
     512
     481
     463
     424
     426
     469
     438
     431
     398
     406
     410
     363
     380
     368
     388
     360
     351
     391
     370
     348
     333
     330
     296
     342
     323
     324
     338
     300
     309
     303
     329
     308
     304
     296
     299
     289
     266
     304
     275
     269
     258
     273
     281
     261
     264
     257
     271
     243
     221
     225
     247
     235
     255
     228
     234
     237
     212
     228
     226
     227
     218
     225
     210
     256
     225
     231
     215
     226
     245
     225
     192
     217
     203
     193
     202
     183
     186
     224
     193
     199
     195
     191
     198
     184
     175
     179
     196
     150
     177
     177
     176
     159
     176
     148
     156
     188
     157
     167
     165
     181
     153
     169
     166
     157
     163
     152
     153
     141
     159
     145
     150
     178
     157
     145
     156
     150
     149
     153
     139
     140
     141
     153
     130
     158
     131
     159
     129
     147
     166
     171
     132
     145
     116
     144
     116
     143
     141
     113
     138
     139
     148
     129
     124
     140
     139
     135
     129
     161
     142
     126
     119
     121
     137
     112
     159
     141
     123
     151
     132
     129
     135
     119
     132
     111
     140
     118
     133
     107
     128
     140
     131
     117
     101
     111
     121
     125
     130
     142
     113
     113
     119
     133
     128
     126
     112
     124
     132
     129
     121
     120
     117
     119
     120
     124
     134
     115
     132
     107
     117
     119
     106
     104
     108
     139
     130
     121
     111
     124
     107
     127
     114
     105
     118
     109
     131
     100
     120
     128
     117
     115
     115
      99
     105
     116
     126
     103
     120
     111
     123
     100
     102
     105
     120
     113
     115
      94
     109
     112
     105
      86
     121
     105
     131
      99
      94
      99
      97
      96
     124
      91
     112
     104
     103
     111
      94
      96
     110
     101
      88
      90
     110
      94
     100
      92
      90
      87
     106
      92
     115
      97
     114
     104
      88
      97
     111
     100
     100
      97
      90
      97
      98
      94
     111
      83
      73
      91
      94
     103
      96
     108
      99
      96
      90
      95
     104
      89
      98
      96
     107
     104
     102
      85
      91
      89
      91
      91
     109
      93
      97
      96
      91
      90
      97
      96
     101
     107
     114
      82
      90
      79
      84
      83
      98
      98
     110
     113
      95
      77
     100
     102
      96
      87
      90
     100
     107
      99
      94
     103
     112
      91
      83
      92
      93
     106
     107
      94
     118
      92
      91
      99
     101
     122
      93
     102
     101
     102
      88
     113
     103
     105
     107
      98
      89
      81
      99
      89
     101
      97
      92
     101
     108
     105
      99
      86
      86
      85
      94
     108
      75
      91
      88
     103
     101
      87
      89
      87
      88
      92
      97
     100
      99
      78
      95
      93
      86
      98
      79
      92
      86
      98
      68
      78
      79
      79
      90
      89
      81
      83
      70
      88
      79
      70
      96
      70
      83
      72
      66
      77
      78
      89
      64
      78
      76
      68
      86
      87
      77
      63
      72
      63
      67
      78
      70
      62
      50
      57
      69
      88
      73
      53
      57
      74
      57
      57
      68
      77
      59
      74
      50
      62
      75
      67
      61
      74
      64
      81
      59
      69
      71
      61
      63
      51
      49
      71
      66
      68
      79
      67
      76
      70
      78
      56
      63
      70
      81
      70
      60
      69
      75
      69
      62
      78
      71
      73
      79
      81
      73
      80
      80
      89
      92
      77
      63
      73
      89
      86
      85
      90
      89
      96
     100
      91
      97
      85
     112
     106
      95
     125
      96
     115
     115
     115
     109
     108
     147
     130
     126
     125
     141
     114
     120
     146
     110
     120
     148
     111
     116
     125
     105
     108
     134
     110
     120
     136
      99
     127
     115
      89
     110
     113
      92
      80
      94
     109
      97
      85
      89
      92
      76
      87
      75
      79
      70
      76
      62
      57
      68
      70
      54
      58
      68
      65
      61
      64
      62
      54
      53
      59
      60
      55
      58
      42
      66
      63
      65
      58
      45
      59
      66
      59
      44
      65
      76
      56
      60
      81
      59
      67
      58
      75
      65
      73
      59
      75
      69
      72
      80
      77
      73
      95
      73
      90
      78
      88
     106
      78
      96
      92
     105
     106
      90
      78
      95
     104
      83
      84
      85
      99
      95
      81
     102
      97
      78
      84
      82
      72
      86
      84
      75
      80
      68
      71
      67
      67
      59
      72
      54
      80
      56
      56
      44
      51
      54
      53
      47
      27
      46
      50
      31
      38
      31
      43
      44
      30
      33
      27
      42
      29
      28
      26
      28
      30
      20
      28
      17
      34
      21
      21
      28
      17
      20
      16
      23
      13
      23
      18
      10
      14
      27
      17
      14
      13
      17
      18
       9
      20
      23
      18
      15
      20
      11
      12
      19
       9
      10
       8
      13
       9
      11
      15
       9
      15
       6
      17
       9
      19
      11
       9
      14
       9
       9
       5
       9
       8
       3
      15
      10
       7
       8
      11
      12
       9
       6
      12
      12
       9
       8
       7
       6
       5
       4
      12
      10
      10
       4
       2
       9
       4
       5
       5
       0
       7
       8
       3
       8
       5
       2
       3
       6
       2
       4
       3
       6
       4
       5
       2
       4
       2
       2
       2
       4
       3
       5
       5
       2
       4
       3
       3
       3
       6
       2
       4
       3
       1
       2
       3
       0
       6
       3
       2
       1
       3
       3
       1
       1
       2
       5
       4
       4
       1
       1
       2
       3
       0
       5
       6
       2
       1
       1
       0
       1
       2
       2
       3
       3
       0
       4
       3
       1
       2
       2
       2
       3
       4
       3
       0
       2
       2
       4
       2
       0
       2
       4
       4
       2
       2
       1
       2
       1
       3
       1
       2
       3
       5
       5
       1
       5
       3
       1
       1
       3
       3
       0
       3
       3
       4
       1
       2
       1
       3
       1
       5
       3
       1
       1
       3
       4
       2
       7
       5
       0
       1
       2
       2
       2
      32
      42
      46
      44
      48
      36
      37
      35
      43
      46
      40
      33
      32
      43
      38
      42
      37
      41
      35
      43
      34
      44
      39
      33
$ROI:
0
$PRESETS:
Real Time
600
0
$ENER_FIT:
0.000000 0.000000
$MCA_CAL:
3
0.000000E+000 0.000000E+000 0.000000E+000
$SHAPE_CAL:
3
0.000000E+000 0.000000E+000 0.000000E+000
