$SPEC_ID:
xxx
$SPEC_REM:
DET# 1
DETDESC# MULTICAN MCB 1
AP# Maestro Version 5.30
$DATE_MEA:
01/01/2000 03:03:25
$MEAS_TIM:
491 600
$DATA:
0 1023
       0
       0
       0
       0
   72106
   89033
    6820
     460
     228
     183
     193
     185
     195
     229
     241
     246
     244
     250
     255
     257
     268
     246
     260
     229
     267
     274
     276
     304
     319
     333
     313
     370
     365
     388
     382
     424
     512
     444
     505
     581
     562
     574
     578
     644
     657
     726
     705
     701
     732
     714
     744
     773
     762
     782
     769
     823
     869
     803
     821
     794
     782
     779
     795
     819
     822
     805
     771
     822
     849
     825
     797
     746
     757
     763
     748
     782
     733
     810
     723
     755
     761
     720
     709
     746
     769
     728
     651
     707
     691
     693
     692
     702
     695
     683
     658
     655
     619
     667
     578
     623
     637
     616
     572
     581
     533
     555
     550
     538
     557
     554
     573
     593
     535
     532
     553
     541
     537
     487
     507
     479
     537
     538
     535
     530
     493
     562
     521
     444
     458
     495
     490
     517
     477
     471
     458
     479
     453
     414
     487
     434
     405
     417
     429
     427
     404
     419
     429
     411
     400
     368
     383
     407
     345
     382
     352
     355
     367
     371
     340
     312
     329
     347
     305
     305
     315
     316
     320
     307
     304
     296
     304
     321
     302
     312
     283
     286
     296
     291
     248
     277
     253
     261
     263
     244
     272
     276
     272
     259
     261
     245
     256
     244
     232
     248
     250
     218
     242
     186
     217
     231
     262
     224
     201
     209
     212
     202
     209
     212
     210
     185
     211
     194
     207
     193
     182
     207
     199
     178
     178
     180
     206
     210
     200
     202
     188
     195
     184
     146
     169
     173
     174
     175
     169
     170
     191
     191
     144
     158
     190
     159
     157
     167
     154
     150
     162
     158
     158
     146
     166
     154
     138
     164
     152
     165
     132
     151
     150
     151
     149
     150
     174
     149
     165
     126
     139
     141
     132
     130
     127
     130
     137
     144
     151
     148
     132
     137
     116
     154
     137
     130
     153
     125
     143
     138
     129
     126
     135
     149
     133
     119
     133
     134
     130
     112
     118
     120
     119
     133
     136
     124
     138
     114
     129
     122
     133
     134
     119
     109
     129
     120
     129
     121
     121
     148
     110
     106
     110
     140
     121
     127
     140
     121
     120
     128
     152
     105
     109
     111
     118
     132
     128
     108
     115
     131
     142
     116
     109
     118
     127
     119
     113
     113
     141
     139
     120
     126
     120
     113
     124
     134
     122
     118
     113
     119
     108
     119
     105
     103
     116
     105
     118
     130
     111
     112
      87
     134
      96
     114
      86
      89
     121
      84
      86
     120
     101
      83
      96
     111
     125
     102
      97
     124
      96
     106
      99
     105
     105
      99
     113
     114
     112
     112
     103
     105
     107
     101
     109
     102
     101
     114
     103
      96
     106
      97
     112
      88
     103
      99
     113
     101
     114
     115
      96
      94
      94
     113
     101
     102
     103
     109
      95
     119
     106
     100
     111
     105
      96
     105
     107
      89
      97
      95
      99
     111
     109
     101
      94
     104
      92
      93
     114
      96
      76
     100
     107
     101
     107
     108
      96
     101
     109
      95
     100
     100
      90
     113
      92
      96
      89
      98
     102
      85
     100
      89
      89
      96
     113
      97
      99
     111
      94
      96
     104
      87
      79
      87
     100
      91
      99
      96
     113
     104
      88
     118
     107
     103
     115
     106
     115
      85
      96
     113
      87
      99
      98
     100
     102
     101
      87
     101
      88
      99
     106
     103
     125
     127
      91
     106
      92
      89
     104
     106
      98
      97
      93
      84
     100
      85
     100
      94
      88
      98
      81
      76
      89
      93
      79
     121
      93
      81
      77
      87
      84
      87
      83
      93
      92
      87
      78
      85
      95
      88
      74
     100
      93
      79
      98
      78
      80
      77
      71
      76
      85
      81
      83
      77
      58
      82
      68
      86
      93
      68
      80
      73
      73
      70
      74
      76
      71
      70
      59
      85
      69
      63
      89
      70
      59
      69
      72
      58
      91
      75
      79
      66
      55
      66
      58
      56
      66
      69
      66
      77
      63
      68
      73
      79
      53
      64
      51
      57
      72
      64
      74
      85
      58
      58
      77
      82
      58
      70
      60
      75
      70
      85
      76
      58
      77
      64
      77
      69
      75
      66
      72
      72
      82
      76
      79
      97
      90
      90
      92
      91
      86
      86
      85
     105
      90
     110
     110
     100
     109
     103
     107
     105
     110
     128
     119
     114
     130
     142
     134
     117
     113
     139
     126
     120
     142
     136
     131
     128
     155
     117
     121
     129
     118
     121
     122
     117
     104
     130
     136
     127
     107
     123
      99
     103
      94
      99
     101
     103
     101
     104
      88
     100
     108
      73
      77
      66
      65
      80
      81
      74
      68
      82
      76
      65
      70
      75
      57
      55
      57
      62
      51
      68
      57
      46
      59
      42
      61
      60
      41
      63
      75
      70
      55
      58
      72
      73
      72
      77
      81
      78
      88
      73
      82
      62
      98
      77
      83
      85
      71
     100
      80
      80
     103
      97
      88
      93
      87
     100
      95
      90
     114
      90
      82
      94
     115
      96
      98
      79
     119
      95
      84
     112
     106
      62
      81
      61
      88
      95
      87
      77
      89
      86
      94
      65
      56
      70
      59
      73
      71
      58
      71
      53
      58
      62
      49
      52
      57
      57
      37
      39
      52
      48
      44
      49
      31
      33
      30
      26
      41
      30
      31
      32
      34
      23
      25
      24
      30
      24
      26
      30
      31
      20
      16
      26
      23
      19
      14
      18
      16
      16
      18
      13
      14
      22
      16
      11
       9
      14
      17
      10
      12
      12
      10
      10
      13
      23
      13
      12
       7
      17
      13
      14
      22
      10
      11
      15
      12
       9
      14
      14
      13
       8
       8
       8
      10
      10
      13
       9
       8
       7
      10
       8
       5
       5
       7
       8
       5
       9
       4
       7
       4
       7
       4
       9
       6
       5
       5
       4
       4
       8
       6
       3
       9
       3
       3
       4
       5
       4
       6
      10
       4
       1
       3
       3
       5
       6
       5
       3
       3
       4
       1
       2
       4
      10
       2
       3
       7
       3
       2
       1
       4
       2
       4
       3
       2
       5
       2
       3
       4
       4
       3
       4
       2
       4
       3
       5
       5
       4
       4
       5
       2
       2
       5
       4
       5
       4
       2
       6
       3
       1
       4
       4
       2
       1
       4
       5
       1
       6
       4
       1
       2
       3
       4
       1
       1
       3
       4
       4
       1
       3
       3
       4
       3
       4
       1
       2
       2
       3
       5
       0
       1
       3
       3
       3
       4
       0
       4
       3
       3
       0
       3
       2
       5
       3
       1
       2
       5
       3
       5
       4
       4
       4
       3
       1
       4
       4
       2
       1
       1
       4
       4
       4
       5
       4
       3
       4
       1
       3
      36
      40
      39
      45
      50
      46
      33
      36
      39
      41
      39
      46
      50
      35
      37
      37
      32
      26
      33
      35
      41
      39
      40
      32
$ROI:
0
$PRESETS:
Real Time
600
0
$ENER_FIT:
0.000000 0.000000
$MCA_CAL:
3
0.000000E+000 0.000000E+000 0.000000E+000
$SHAPE_CAL:
3
0.000000E+000 0.000000E+000 0.000000E+000
