$SPEC_ID:
xxx
$SPEC_REM:
DET# 1
DETDESC# MULTICAN MCB 1
AP# Maestro Version 5.30
$DATE_MEA:
01/01/2000 02:51:35
$MEAS_TIM:
494 600
$DATA:
0 1023
       0
       0
       0
       0
   68755
   87884
    6704
     455
     232
     208
     192
     195
     219
     216
     241
     222
     226
     226
     241
     273
     279
     248
     273
     283
     256
     299
     328
     286
     295
     312
     349
     357
     385
     397
     407
     425
     467
     508
     526
     509
     540
     604
     609
     700
     660
     664
     686
     756
     698
     746
     749
     764
     785
     809
     769
     808
     800
     812
     861
     851
     819
     801
     844
     833
     799
     835
     782
     755
     799
     784
     843
     784
     814
     745
     803
     756
     815
     763
     696
     764
     756
     715
     703
     684
     702
     730
     637
     703
     727
     678
     708
     693
     633
     675
     626
     638
     586
     623
     602
     623
     587
     589
     580
     583
     594
     555
     583
     575
     592
     527
     613
     498
     536
     540
     525
     512
     552
     503
     519
     511
     517
     516
     504
     478
     469
     537
     508
     509
     467
     454
     460
     490
     496
     505
     488
     463
     443
     447
     472
     416
     473
     415
     415
     400
     451
     421
     382
     376
     387
     421
     404
     398
     407
     363
     369
     373
     373
     354
     344
     336
     356
     335
     314
     335
     341
     295
     298
     323
     279
     294
     266
     298
     252
     289
     268
     268
     279
     262
     280
     302
     228
     247
     255
     272
     274
     242
     243
     234
     223
     245
     229
     222
     252
     223
     226
     236
     246
     217
     243
     216
     242
     238
     226
     226
     229
     219
     198
     215
     197
     217
     211
     208
     201
     171
     193
     198
     184
     191
     188
     191
     163
     213
     220
     204
     197
     189
     198
     170
     166
     159
     204
     185
     173
     178
     160
     176
     166
     140
     167
     153
     171
     156
     131
     151
     178
     166
     149
     147
     146
     176
     161
     182
     146
     164
     157
     163
     166
     152
     154
     119
     170
     154
     149
     142
     143
     144
     147
     149
     156
     128
     156
     167
     144
     163
     138
     128
     160
     148
     140
     157
     126
     137
     153
     126
     132
     128
     147
     156
     121
     126
     157
     118
     139
     142
     136
     131
     141
     142
     122
     134
     135
     115
     113
     147
     126
     135
     155
     129
     130
     126
     147
     134
     132
     142
     120
     125
     107
     117
     118
     117
     123
     120
     132
     131
     114
     142
     117
     122
     131
     101
     116
     122
     129
     125
     133
     125
     127
     116
     112
     122
     115
     116
     132
     129
     120
     129
     140
     128
     130
     119
     117
     116
     120
     128
     128
     121
     123
     117
     105
      92
     115
     108
     116
     100
     117
     102
     122
     103
     114
     104
     108
     114
     101
      96
     112
     132
     112
      99
     111
     105
     121
     116
     126
     106
     118
      93
     104
      85
     119
      97
     119
     108
      89
     100
     101
     113
     114
      98
     108
      92
     117
     115
      99
     105
     106
     114
      90
      86
     124
     113
     115
     105
      95
     113
      95
      89
     100
     103
      91
     119
     113
      84
     114
      94
     105
     101
      99
      81
     106
     113
     106
     113
     101
     111
     123
     100
     100
      91
      89
     123
     114
      96
     104
      86
     103
     103
      98
     118
     108
     126
      97
     103
     105
     116
      94
      90
      88
     104
      98
      95
     104
      98
      99
     102
     105
     102
     101
      79
      87
     115
      97
      98
     103
     105
     105
      97
      78
     112
     113
      91
     117
     116
      94
      93
      96
     120
     110
      90
     100
      97
     110
      93
     107
     101
      95
     105
      80
      95
     110
      91
      97
      80
     111
     107
     120
     100
     108
      87
     102
      95
     116
     113
     100
     119
     129
     112
     116
     102
     103
     102
      99
      93
     110
     117
      83
     100
      90
      85
     104
     104
     113
      91
      84
      96
      93
      88
      98
      95
      86
     101
      95
      88
      91
      59
      83
      78
      75
      79
      90
      90
      87
      93
      71
      83
      83
      84
      76
      82
      72
      56
      82
      82
      78
      76
      70
      74
      77
      73
      79
      67
      74
      71
      65
      80
      79
      68
      74
      84
      56
      62
      77
      66
      78
      70
      67
      82
      65
      75
      66
      76
      55
      73
      65
      60
      81
      72
      72
      64
      65
      65
      66
      77
      73
      64
      72
      74
      58
      76
      70
      67
      84
      71
      63
      78
      77
      70
      69
      73
      59
      76
      64
      80
      93
      84
      95
      83
      92
      85
      79
      89
      93
     117
     101
     112
     101
     118
     103
     122
     126
     112
     108
     141
     139
     118
     115
     137
     132
     134
     112
     134
     128
     134
     133
     172
     143
     149
     141
     143
     141
     117
     135
     145
     126
     124
     129
     118
     134
     137
     133
     141
     117
     135
     107
     110
     129
     129
     101
     122
     120
     121
      99
      93
      87
     108
      90
      78
      86
      75
     104
      78
      75
      58
      74
      59
      73
      68
      74
      62
      63
      67
      71
      62
      86
      57
      56
      59
      62
      64
      62
      64
      58
      70
      60
      48
      72
      89
      65
      59
      70
      78
      81
      68
      84
      67
      87
      72
      79
      86
      91
      93
     100
      79
      90
      97
     108
      97
      92
      98
     111
     109
     107
      84
     106
     101
      91
     120
     100
      95
      93
     102
     108
      95
      88
     102
     111
      97
     101
      93
     104
      88
      97
     101
      89
      78
      77
      79
      74
      80
      71
      68
      80
      61
      73
      73
      56
      54
      55
      58
      58
      38
      55
      49
      51
      49
      52
      39
      49
      38
      31
      39
      41
      34
      41
      32
      29
      32
      28
      27
      27
      27
      24
      35
      21
      20
      32
      19
      21
      30
      19
      34
      14
      18
      21
      14
      21
      24
      18
      20
      15
      12
      18
      12
      21
      15
      15
      16
      11
      11
      15
      14
      12
      16
      21
      11
      15
      15
      10
      15
      10
      13
      13
       9
       7
       7
       8
       7
       8
       7
      13
       6
       8
       5
       5
       2
       7
      14
       5
       4
       8
       8
       5
       5
       7
       7
       6
       9
       3
       7
       3
       2
       6
       6
       6
       5
       4
       8
       9
       4
       4
       2
       2
       6
       3
       8
       4
       6
       3
       5
       1
       5
       2
       4
       6
       4
       2
       3
       6
       5
       6
       3
       2
       7
       3
       4
       5
       4
       2
       4
       4
       2
       3
       2
       2
       2
       3
       0
       3
       9
       7
       8
       6
       5
       2
       1
       4
       1
       1
       3
       4
       1
       1
       3
       3
       2
       6
       2
       3
       7
       5
       1
       4
       1
       2
       1
       2
       5
       2
       3
       5
       1
       5
       3
       1
       4
       3
       3
       0
       0
       1
       3
       0
       2
       3
       5
       3
       2
       4
       3
       4
       4
       3
       1
       3
       1
       2
       7
       3
       5
       2
       4
       0
       1
       3
       3
       3
       2
       2
       4
       2
       6
       1
       1
       7
       2
       4
       1
       4
       0
       1
       3
      45
      48
      42
      48
      44
      42
      43
      48
      26
      43
      50
      48
      41
      38
      26
      42
      45
      43
      44
      39
      38
      42
      43
      27
$ROI:
0
$PRESETS:
Real Time
600
0
$ENER_FIT:
0.000000 0.000000
$MCA_CAL:
3
0.000000E+000 0.000000E+000 0.000000E+000
$SHAPE_CAL:
3
0.000000E+000 0.000000E+000 0.000000E+000
