$SPEC_ID:
xxx
$SPEC_REM:
DET# 1
DETDESC# MCB 1
AP# Maestro Version 5.30
$DATE_MEA:
01/01/2000 03:01:09
$MEAS_TIM:
253 300
$DATA:
0 1023
       0
       0
       0
       0
      11
     446
     221
     162
     148
     150
     147
     145
     162
     159
     153
     157
     142
     175
     172
     180
     179
     174
     189
     184
     192
     192
     205
     231
     197
     231
     222
     242
     212
     253
     262
     283
     271
     298
     332
     330
     352
     353
     422
     381
     417
     439
     435
     476
     462
     443
     387
     402
     480
     482
     522
     506
     483
     478
     544
     493
     515
     518
     506
     515
     520
     495
     497
     515
     523
     483
     492
     497
     476
     525
     523
     522
     478
     498
     430
     516
     448
     484
     481
     458
     459
     484
     497
     466
     466
     474
     446
     468
     471
     430
     433
     479
     447
     450
     396
     464
     430
     417
     422
     471
     399
     422
     421
     420
     452
     418
     427
     485
     414
     441
     483
     459
     418
     413
     454
     417
     444
     418
     419
     391
     412
     424
     409
     381
     347
     403
     403
     374
     412
     347
     355
     364
     334
     372
     379
     347
     336
     309
     315
     328
     315
     290
     343
     317
     302
     319
     266
     263
     271
     293
     287
     302
     255
     281
     262
     258
     303
     237
     250
     252
     242
     232
     230
     235
     245
     256
     215
     223
     244
     235
     213
     214
     226
     210
     247
     198
     217
     208
     213
     212
     206
     194
     234
     198
     198
     157
     200
     168
     172
     215
     154
     180
     178
     153
     184
     177
     160
     214
     158
     185
     179
     174
     172
     170
     163
     170
     181
     167
     152
     155
     143
     171
     155
     173
     150
     163
     178
     163
     143
     163
     136
     146
     172
     143
     156
     160
     169
     150
     140
     159
     155
     157
     153
     164
     133
     141
     128
     138
     144
     126
     135
     136
     144
     147
     152
     146
     141
     150
     151
     126
     133
     141
     143
     141
     130
     119
     132
     119
     133
     122
     114
     127
     111
     118
     125
     114
     113
     109
     121
     116
     124
     104
     108
      88
      87
      88
      98
      91
     105
      75
      99
     100
      84
      89
     103
      71
      73
      76
      76
      62
      93
      66
      83
      62
      71
      67
      79
      76
      69
      75
      61
      62
      82
      53
      68
      60
      60
      77
      64
      76
      69
      64
      58
      58
      63
      59
      52
      60
      59
      62
      56
      65
      70
      58
      57
      58
      47
      66
      75
      86
      66
      74
      75
      64
      97
      90
      95
      93
      97
      82
      92
     114
     108
     130
     101
     113
     142
     165
     138
     146
     147
     164
     189
     182
     193
     220
     223
     237
     236
     247
     281
     275
     309
     294
     314
     336
     327
     352
     369
     330
     347
     389
     374
     390
     373
     396
     378
     398
     388
     401
     334
     353
     380
     351
     327
     356
     309
     339
     330
     259
     262
     279
     286
     237
     240
     234
     265
     199
     196
     192
     192
     170
     145
     143
     132
     134
     109
     118
      96
      99
      86
      64
      67
      73
      56
      49
      51
      50
      39
      38
      39
      35
      22
      27
      32
      35
      18
      29
      18
      23
      24
      14
      16
      18
      24
      16
      15
      13
       9
      14
      11
      19
      20
       8
      16
      14
      18
       4
      18
      17
       7
       9
      14
       9
       7
      14
      14
      14
      14
       9
      11
       9
       9
       5
       8
      11
       3
      14
       8
       6
      11
       6
      11
       9
      11
       8
      15
       4
      10
       8
       9
       8
      14
       3
       7
      10
       6
       5
      12
      10
      10
       7
      12
      17
      20
      11
       8
       8
       6
       9
       4
      13
       7
      16
      10
       7
       9
      17
      11
       8
      11
       8
       8
       5
       6
      10
      11
       9
      11
       8
       5
       6
       9
      11
       5
       6
       9
      15
       6
       7
      10
       9
       6
       8
      13
       6
       7
      11
       4
       8
       8
       6
       5
       4
       5
       9
       7
       8
       9
       6
       6
       7
      10
       6
       6
      12
      10
       7
       7
       5
       2
       4
       8
      11
       4
       3
       9
       6
       6
       8
       6
       5
       5
       9
       6
       7
      11
       7
      12
       7
       9
       3
       5
       9
       7
       4
       5
      12
      12
       4
       6
       1
       8
      11
      11
       6
       3
       5
       6
      12
       6
       5
       4
       5
      10
      13
       5
       7
       6
       4
       3
       5
       6
       7
       4
       8
       7
       8
       8
      11
       3
       6
       4
       8
       4
       4
       8
       5
       4
       2
      14
       6
       8
       3
       7
       7
       3
       5
       5
       6
      10
       5
       9
       1
       6
       7
       5
       5
       9
       8
      12
       6
       5
       4
       5
       6
       3
       8
       3
       5
       5
      10
       5
       2
       7
       8
       6
       9
       4
       8
       6
       7
       9
       5
       3
       2
       3
       3
       6
       6
       4
       4
       6
       3
       5
       3
       3
       2
       4
       6
       5
       4
       4
       1
       2
       5
       1
       7
       6
       4
       6
       5
       2
       5
       3
       6
       6
       3
       9
       3
       7
       5
       4
       8
       3
       6
       5
       2
       4
       2
       4
       7
       4
       7
       5
       3
       2
       6
       3
       1
       3
       4
       1
       5
       4
       3
       4
       4
       3
       3
       6
       6
       4
       2
       4
       6
       3
       3
       3
       4
       6
       3
       5
       2
       4
       6
       3
       7
       7
       2
       9
       3
       2
       4
       7
       4
       4
       7
       3
       6
       6
       4
       6
       6
       2
       7
       6
       6
       5
       8
       5
       1
       6
       5
       4
       5
       7
       7
       5
       3
       7
       6
       8
       8
       3
       4
       6
       5
       7
       5
       8
       9
       8
       8
       5
       6
       5
       7
       5
       1
       6
       6
       6
       4
       5
      12
      15
       6
       3
      11
       7
       7
       4
       4
       5
       3
      12
       8
       9
       3
       1
       5
       6
       3
       7
      10
       2
       7
       5
       3
       5
       3
       5
       3
       6
       8
       3
       0
       6
       5
       5
       7
       2
       4
       2
       3
       0
       4
       6
       4
       2
       3
       1
       1
       3
       5
       4
       3
       2
       3
       3
       3
       3
       1
       3
       0
       3
       3
       3
       1
       3
       2
       1
       2
       5
       2
       1
       0
       2
       3
       1
       2
       2
       0
       1
       3
       2
       3
       3
       1
       4
       0
       1
       2
       2
       1
       5
       1
       2
       1
       2
       1
       1
       3
       3
       1
       1
       1
       0
       4
       0
       1
       2
       1
       1
       0
       1
       2
       1
       1
       0
       2
       2
       2
       2
       0
       0
       3
       2
       1
       0
       2
       1
       2
       1
       0
       1
       0
       2
       1
       0
       1
       1
       3
       2
       1
       1
       2
       4
       1
       2
       4
       1
       0
       1
       0
       1
       1
       0
       3
       1
       2
       1
       0
       1
       1
       3
       0
       1
       1
       0
       1
       0
       3
       0
       1
       0
       2
       1
       2
       1
       3
       0
       1
       0
       1
      22
      18
      23
      14
      23
      23
      22
      19
      26
      22
      19
      19
      19
      10
      21
      16
      24
      14
      23
      23
      16
      19
      14
      15
$ROI:
0
$PRESETS:
Real Time
300
0
$ENER_FIT:
0.000000 0.000000
$MCA_CAL:
3
0.000000E+000 0.000000E+000 0.000000E+000
$SHAPE_CAL:
3
0.000000E+000 0.000000E+000 0.000000E+000
