$SPEC_ID:
xxx
$SPEC_REM:
DET# 1
DETDESC# MCB 1
AP# Maestro Version 5.30
$DATE_MEA:
01/01/2000 02:42:20
$MEAS_TIM:
248 300
$DATA:
0 1023
       0
       0
       0
       0
       9
     531
     326
     226
     202
     206
     175
     172
     198
     207
     228
     262
     309
     361
     477
     594
     663
     742
     799
     790
     778
     679
     674
     558
     470
     398
     352
     304
     314
     318
     329
     295
     322
     331
     367
     342
     391
     365
     434
     450
     433
     457
     450
     480
     502
     495
     484
     509
     479
     493
     524
     510
     559
     521
     557
     511
     551
     520
     525
     542
     555
     521
     512
     516
     535
     531
     534
     510
     532
     520
     543
     508
     497
     531
     523
     526
     467
     552
     547
     480
     511
     507
     499
     500
     474
     487
     444
     449
     487
     495
     456
     412
     481
     477
     461
     470
     450
     460
     441
     433
     442
     429
     436
     441
     465
     451
     466
     460
     448
     430
     442
     419
     453
     452
     469
     413
     433
     469
     420
     452
     476
     488
     452
     452
     460
     406
     444
     418
     433
     426
     421
     430
     388
     410
     420
     378
     377
     374
     391
     353
     363
     379
     353
     337
     373
     320
     336
     323
     377
     362
     333
     327
     319
     319
     326
     289
     289
     311
     281
     291
     299
     259
     282
     276
     267
     263
     260
     282
     253
     224
     267
     290
     244
     253
     224
     242
     260
     219
     249
     246
     225
     221
     219
     198
     211
     209
     212
     208
     219
     211
     215
     208
     226
     209
     191
     200
     207
     212
     177
     203
     177
     194
     208
     195
     191
     189
     164
     205
     180
     184
     196
     201
     196
     183
     161
     197
     164
     184
     155
     176
     185
     191
     172
     171
     165
     189
     176
     196
     188
     194
     161
     169
     164
     195
     172
     178
     156
     173
     175
     172
     167
     168
     161
     185
     162
     165
     166
     167
     153
     140
     156
     149
     155
     141
     144
     160
     136
     137
     162
     159
     142
     143
     132
     148
     132
     133
     130
     129
     128
      99
     132
     111
      96
     102
     103
     103
     106
      88
     101
      83
      69
      80
      81
      81
      83
      91
      70
      76
      68
      71
      74
      66
      57
      77
      56
      57
      69
      57
      57
      62
      64
      66
      50
      55
      63
      43
      45
      46
      52
      57
      41
      47
      49
      41
      51
      44
      66
      45
      52
      57
      49
      44
      46
      62
      54
      49
      56
      58
      53
      46
      52
      57
      54
      58
      56
      71
      73
      77
      84
      87
     106
      92
      88
      90
      89
     119
     105
     146
     169
     191
     173
     185
     200
     220
     230
     231
     260
     264
     277
     300
     325
     394
     352
     354
     392
     403
     464
     428
     464
     462
     455
     495
     508
     502
     512
     556
     533
     513
     535
     578
     530
     549
     485
     555
     530
     503
     484
     519
     504
     412
     462
     409
     386
     411
     382
     428
     351
     346
     298
     305
     294
     262
     266
     236
     210
     219
     179
     159
     177
     174
     155
     111
      97
     105
      99
     106
      69
      73
      77
      65
      59
      41
      55
      34
      46
      36
      41
      29
      23
      29
      30
      29
      28
      22
      16
      20
      17
      17
      16
      22
      18
      24
      11
      17
      19
       9
      16
       9
      16
      12
      17
      15
      11
       7
      13
      14
      12
      10
      14
      20
       6
      10
      10
       9
       8
      13
       8
      11
      14
      13
       9
       9
      10
      13
      12
      11
       7
      13
      20
      17
       4
       9
      12
       9
       6
       8
       4
       9
       7
       7
       5
      13
       6
       5
      10
       9
       7
       7
      10
       8
      14
       8
      11
      11
      11
      13
      12
      14
      10
      10
       7
       5
      10
       7
       9
       4
      13
       7
       9
       8
      16
       8
       7
      14
       5
      12
       7
       4
       8
      10
      10
       7
       4
      11
       5
       8
       8
       5
      10
       3
       2
       9
       8
      11
       7
       5
      11
       8
       2
      10
       6
       7
       7
       5
       6
       6
       5
      13
      12
       5
       6
      12
       8
       3
       9
      11
       6
      11
      12
       7
       6
       5
       7
       6
       3
       7
       3
      13
      10
       6
      13
       4
       2
       3
       6
       6
       6
      10
      12
      10
       5
       8
       9
      13
      13
       4
       7
       5
      10
      10
       7
       6
       6
       9
       6
       8
       4
      10
       6
       6
      11
       6
       7
       7
       5
       6
       3
       5
       3
       4
       4
       6
       5
       3
       8
       2
       6
       6
       7
       9
       8
       4
       3
       4
       7
       7
       7
      14
       6
       3
       8
       4
       8
       8
       8
       5
       7
       7
       6
       5
       8
       8
       7
       5
       7
       7
       3
       8
       9
       9
       9
       8
       5
       7
      10
       4
       6
       9
       5
       6
       6
       6
       4
       1
       5
       7
       4
       7
       7
       1
       8
       8
       7
       6
       9
       4
       5
       8
       2
       4
       5
       7
       6
       4
       4
       5
       3
       9
       4
       3
       4
       4
       5
       8
       6
       6
       0
       4
       4
       1
       5
       3
       2
       9
       3
       7
       6
       4
       5
       5
       5
       1
       6
       3
       6
       4
       4
       3
       2
       3
       4
       0
       5
       0
       2
       1
       4
       1
       1
       4
       3
       6
       6
       5
       1
       8
       3
       2
       7
       6
       9
       5
       2
       6
       3
       2
       2
       6
       4
       5
       7
       6
       6
       4
       7
       3
       4
       1
       2
       6
       8
       3
       6
       5
       3
       3
       6
       6
       5
      10
       1
       2
       5
       3
       5
       7
       3
       5
       4
       6
       4
       4
       3
       2
       4
       4
       9
       5
       5
       8
       5
       7
       5
       4
       8
       9
       4
       6
       5
       7
       7
       3
       3
       8
       7
       5
       1
       3
       3
       1
       2
       5
       7
       7
       5
       5
       5
       7
       5
       5
       5
       3
       1
       8
       5
       6
       4
       3
       4
       6
       4
       7
       2
       5
       6
       5
       3
       9
       3
       4
       3
       5
       5
       0
       5
       2
       4
       2
       0
       3
       2
       3
       2
       0
       6
       1
       0
       5
       1
       3
       3
       3
       3
       5
       3
       1
       4
       2
       3
       1
       4
       1
       3
       2
       2
       0
       0
       1
       1
       1
       1
       1
       2
       3
       2
       2
       2
       1
       2
       1
       1
       4
       1
       2
       0
       0
       3
       0
       2
       0
       1
       2
       1
       3
       0
       5
       2
       1
       0
       0
       0
       2
       1
       1
       3
       0
       0
       3
       2
       2
       1
       2
       1
       1
       0
       0
       0
       0
       4
       1
       1
       2
       2
       1
       0
       0
       2
       3
       1
       1
       1
       1
       2
       0
       3
       1
       2
       1
       1
       0
       1
       1
       0
       5
       0
       1
       3
       1
       1
       3
       1
       1
       1
       1
       0
       0
       1
       0
       3
       0
       1
       0
       2
       0
       2
       1
       0
       0
       1
       0
       4
       0
       0
       1
       0
       1
      10
      22
      16
      22
      17
      19
      19
      19
      20
      21
      16
      19
      24
      14
      16
      18
      19
      22
      20
      19
      28
      20
      21
      19
$ROI:
0
$PRESETS:
Real Time
300
0
$ENER_FIT:
0.000000 0.000000
$MCA_CAL:
3
0.000000E+000 0.000000E+000 0.000000E+000
$SHAPE_CAL:
3
0.000000E+000 0.000000E+000 0.000000E+000
