$SPEC_ID:
xxx
$SPEC_REM:
DET# 1
DETDESC# MCB 1
AP# Maestro Version 5.30
$DATE_MEA:
01/01/2000 02:50:53
$MEAS_TIM:
251 300
$DATA:
0 1023
       0
       0
       0
       0
      13
     560
     314
     206
     204
     180
     156
     157
     165
     166
     145
     171
     160
     149
     182
     178
     191
     186
     177
     234
     184
     207
     196
     230
     200
     243
     250
     235
     232
     260
     247
     327
     284
     317
     313
     346
     367
     393
     342
     397
     402
     414
     430
     441
     463
     468
     484
     503
     487
     484
     507
     541
     496
     507
     536
     531
     499
     514
     490
     476
     531
     502
     527
     498
     511
     595
     459
     527
     487
     481
     523
     496
     507
     538
     453
     582
     483
     481
     491
     469
     516
     505
     473
     453
     476
     464
     445
     430
     473
     458
     468
     397
     432
     440
     425
     433
     447
     472
     441
     469
     445
     446
     415
     438
     427
     433
     422
     456
     451
     454
     448
     440
     435
     451
     435
     381
     443
     428
     430
     427
     451
     398
     405
     453
     412
     409
     439
     378
     367
     390
     407
     373
     387
     338
     319
     355
     406
     396
     342
     351
     321
     329
     350
     321
     325
     293
     269
     301
     292
     313
     297
     299
     294
     267
     277
     287
     264
     267
     259
     278
     246
     262
     265
     274
     231
     244
     255
     248
     250
     243
     243
     236
     250
     225
     209
     240
     228
     213
     237
     205
     217
     196
     205
     229
     211
     192
     218
     188
     177
     184
     183
     185
     200
     190
     199
     176
     176
     203
     174
     206
     191
     192
     163
     202
     193
     183
     172
     198
     178
     152
     161
     168
     162
     160
     160
     181
     154
     166
     146
     178
     148
     155
     160
     162
     139
     154
     140
     182
     157
     167
     153
     166
     163
     155
     159
     161
     154
     168
     147
     173
     150
     146
     135
     160
     155
     178
     144
     150
     158
     134
     147
     142
     126
     152
     144
     137
     134
     133
     150
     135
     140
     136
     139
     129
     125
     128
     113
     104
     115
     125
     101
     128
     126
     106
      86
     111
      73
      98
      92
      76
     129
      81
     108
      82
      67
      92
     101
      75
     101
      68
      71
      62
      73
      61
      84
      55
      61
      70
      73
      81
      76
      72
      70
      72
      68
      71
      63
      62
      67
      60
      55
      67
      67
      56
      46
      57
      55
      64
      54
      79
      67
      58
      76
      65
      59
      85
      53
      62
      74
      70
      70
      90
      71
      81
      81
      76
      84
      87
      94
      88
     114
      92
     114
     114
     123
     122
     130
     119
     171
     159
     177
     191
     193
     199
     193
     212
     200
     259
     270
     250
     291
     293
     308
     342
     324
     349
     381
     342
     382
     375
     405
     393
     410
     403
     412
     454
     429
     378
     423
     416
     436
     430
     390
     402
     369
     409
     403
     378
     368
     349
     340
     327
     303
     302
     306
     276
     252
     256
     230
     222
     223
     183
     173
     153
     163
     149
     136
     144
     123
      98
     112
      92
      97
      77
      69
      80
      64
      53
      68
      55
      47
      42
      42
      39
      38
      33
      21
      29
      31
      26
      18
      32
      15
      22
      26
      13
      24
      17
      13
       9
      13
      19
      12
      16
      18
      11
      15
      13
      17
      13
      14
       9
       8
      16
       7
      14
      13
      21
       9
      10
      13
      10
       6
      15
      14
       5
       9
       9
      16
       8
      12
       9
      11
       5
       8
       5
       8
       5
       8
       6
       7
      12
       7
       9
      12
      10
       9
      10
      10
      13
       5
       8
      12
      10
       8
      12
      13
      12
       5
      11
       6
       7
       5
       8
      11
       6
       9
       6
       6
       9
       8
       8
      15
       5
       8
       8
       9
       3
      15
      11
       6
      12
       7
      13
       8
      11
       9
      11
      12
       8
      11
       7
      13
      12
      10
      10
       9
      11
      11
      11
       9
       9
       7
       6
       9
      11
      11
       2
      10
      10
       5
       8
       2
       6
      12
       4
      10
      11
       9
       7
       8
      10
      10
       7
       8
       9
       2
      11
       4
       7
       9
      10
       5
       6
       5
       5
       8
       4
       6
       9
       5
       8
       7
      11
       8
       7
       9
       5
       5
       8
       5
       4
       6
       9
       8
       1
       5
       6
       6
       8
       7
       9
       3
       6
       3
       3
       5
       5
       4
       3
       6
       6
       5
       9
       4
       6
       9
       4
       5
       7
       6
       6
       5
       6
       6
       5
       3
       8
       6
       3
       6
       5
       9
       7
       5
       7
       6
       6
       7
      10
       7
       1
       4
       3
       5
       8
       3
       5
       3
       8
       4
      12
       5
      12
       8
      13
       5
       4
       5
       6
       8
       7
       5
       8
       7
       6
       4
       2
       5
       8
       5
       9
       3
       1
       7
       9
       7
       6
       7
       7
       6
       3
       4
       6
       5
       5
       6
       3
       4
       7
       7
       3
       2
       6
       3
       3
       9
       4
       4
       7
       4
       5
       4
       6
       1
       6
       4
       4
       4
       3
       2
       4
       5
       3
       3
       6
       5
       5
       4
       3
       5
       3
       7
       3
       4
       6
       6
       1
       4
       6
       4
       5
       4
       4
       2
       3
       8
       3
       2
       4
       1
       4
       4
       3
       4
       9
       4
       1
       1
       9
       3
       4
       6
       2
       3
       7
       1
       5
       7
       2
       2
       1
       4
       4
       4
       1
       6
       7
       3
       7
       4
       5
       6
       4
       7
       6
       7
       6
       3
       4
       2
       3
       5
       7
       7
       5
       3
       5
       3
      10
       5
       8
       2
       7
       5
       8
       8
       4
       9
       5
       8
       6
       2
       7
       7
       7
       6
      11
       4
       5
       5
       3
       4
       6
       7
       8
       5
       5
      10
       3
       6
       9
       8
       8
       9
       4
       4
       3
      11
       6
       4
       7
       6
       7
       5
       8
       4
       4
       4
       8
       6
       4
       5
       6
       4
       2
       1
       7
       2
       5
       6
       3
       0
       3
       5
       2
       2
       2
       3
       4
       4
       3
       1
       3
       4
       3
       1
       1
       1
       1
       1
       2
       2
       0
       4
       0
       1
       0
       3
       3
       1
       1
       2
       1
       3
       1
       2
       1
       3
       2
       3
       1
       0
       1
       1
       1
       1
       2
       1
       2
       2
       0
       3
       1
       1
       3
       1
       2
       1
       1
       1
       1
       1
       2
       4
       0
       0
       0
       1
       1
       2
       2
       2
       1
       2
       3
       1
       0
       2
       0
       1
       0
       2
       3
       1
       0
       4
       2
       0
       1
       0
       3
       0
       1
       1
       2
       0
       2
       0
       0
       1
       0
       2
       0
       1
       1
       2
       4
       1
       2
       1
       0
       0
       0
       1
       1
       1
       0
       1
       2
       0
       0
       1
       0
       0
       0
       0
       1
       1
       2
       0
       1
       2
       3
       0
       0
       1
       1
       2
       2
       2
       0
       1
       1
       1
       1
      19
      18
      19
      21
      18
      16
      14
      19
      15
      26
      24
      19
      14
      21
      28
      19
      15
      19
      25
      20
      10
      16
      22
      14
$ROI:
0
$PRESETS:
Real Time
300
0
$ENER_FIT:
0.000000 0.000000
$MCA_CAL:
3
0.000000E+000 0.000000E+000 0.000000E+000
$SHAPE_CAL:
3
0.000000E+000 0.000000E+000 0.000000E+000
