$SPEC_ID:
xxx
$SPEC_REM:
DET# 1
DETDESC# MCB 1
AP# Maestro Version 5.30
$DATE_MEA:
01/01/2000 03:24:17
$MEAS_TIM:
250 300
$DATA:
0 1023
       0
       0
       0
       0
      14
     489
     244
     176
     158
     163
     166
     176
     166
     168
     192
     188
     207
     187
     222
     205
     249
     243
     249
     247
     273
     243
     245
     235
     218
     265
     259
     251
     284
     286
     311
     312
     306
     357
     338
     374
     425
     366
     399
     441
     427
     441
     459
     473
     472
     534
     499
     514
     523
     513
     536
     548
     516
     493
     506
     487
     552
     525
     569
     512
     537
     561
     521
     553
     562
     518
     520
     519
     510
     511
     498
     524
     524
     549
     529
     536
     498
     539
     479
     509
     509
     475
     524
     482
     445
     443
     488
     466
     462
     457
     478
     468
     481
     439
     431
     465
     465
     456
     439
     437
     472
     460
     495
     478
     461
     466
     519
     417
     435
     511
     442
     434
     506
     423
     452
     478
     406
     455
     448
     438
     437
     459
     425
     435
     472
     387
     409
     392
     418
     405
     397
     374
     397
     396
     443
     391
     349
     338
     336
     347
     338
     363
     339
     348
     352
     364
     357
     321
     373
     301
     321
     309
     340
     314
     307
     286
     289
     281
     307
     299
     268
     286
     267
     245
     263
     266
     251
     282
     234
     266
     257
     227
     223
     250
     243
     248
     235
     220
     247
     239
     203
     212
     228
     210
     194
     208
     215
     214
     242
     178
     212
     210
     199
     222
     183
     182
     202
     184
     209
     179
     229
     173
     215
     194
     189
     186
     195
     189
     174
     184
     197
     193
     187
     164
     192
     196
     199
     165
     186
     205
     150
     165
     197
     166
     163
     164
     190
     179
     199
     189
     146
     146
     175
     160
     184
     167
     171
     182
     181
     176
     155
     170
     159
     179
     168
     159
     155
     163
     169
     145
     128
     140
     170
     135
     143
     140
     130
     154
     135
     139
     139
     121
     133
     139
     121
     125
     126
     100
     101
     123
     110
      94
     107
     101
     105
     103
      84
     105
      94
     104
      79
      96
      73
      85
      80
      83
      76
      85
      83
      70
      90
      72
      79
      77
      63
      65
      68
      68
      49
      63
      55
      56
      64
      60
      51
      52
      59
      51
      63
      54
      59
      54
      54
      47
      48
      49
      60
      60
      53
      60
      60
      51
      51
      56
      55
      56
      60
      71
      64
      65
      70
      68
      65
      74
      81
      74
      94
      84
     100
      92
     119
     119
     125
     150
     146
     141
     153
     182
     176
     186
     192
     238
     230
     255
     271
     301
     295
     325
     301
     334
     365
     333
     407
     428
     449
     440
     469
     492
     466
     482
     526
     484
     539
     526
     502
     498
     519
     482
     500
     496
     517
     528
     470
     480
     479
     465
     452
     401
     373
     400
     350
     352
     297
     329
     307
     283
     282
     250
     229
     231
     210
     188
     186
     175
     150
     165
     137
     122
     104
      98
      99
      95
      68
      79
      76
      50
      63
      53
      54
      46
      43
      39
      34
      47
      32
      26
      25
      21
      21
      22
      28
      16
      25
      25
      24
      17
      16
      19
      20
      21
      17
      16
      13
      16
       4
      17
       8
      17
      11
      10
      18
      20
      14
      12
      13
       4
      11
       7
      11
       7
       7
      12
       8
       5
      12
      14
      13
      13
       7
      10
       6
       9
       7
      12
       6
       7
       7
      13
       9
      18
       8
       9
       9
       7
       6
      13
      13
      14
      11
       9
       8
       4
      13
       9
       5
      11
      12
       6
      12
      12
       7
      14
       6
      12
      13
      11
      15
       7
       7
      11
       9
       7
      14
      11
      14
      14
       7
       8
      11
      11
      11
       4
       8
      12
       7
      10
      12
       9
       7
       6
       6
       8
       7
      14
      15
      10
      13
       8
       8
      10
       8
       8
       5
       6
       7
       8
       8
      11
       8
       9
       7
      11
       7
       6
       7
       6
       6
       6
       8
      14
       6
      13
       6
       8
       7
       6
       5
       6
       5
       7
       6
       4
       8
       8
       3
       5
      13
       3
       4
       8
       8
       7
      10
       4
       6
       5
      11
      11
      10
       9
       7
       6
       6
       5
       6
       4
       5
       5
       9
       1
       8
       5
       9
       9
       7
       5
       5
       9
       4
      11
       4
       4
      11
       7
       6
      12
       6
       4
       7
       6
       5
       7
       5
      10
       7
       3
       5
       9
       7
       9
       8
       7
       6
       5
       8
       8
      12
       6
      10
      10
       6
       8
       8
       3
       5
      10
       6
       7
      10
       4
       4
       7
       6
       7
      10
       5
       7
       7
       7
       6
       8
       5
       2
       2
       8
       8
       4
      10
       5
       7
       4
       3
      10
       3
       6
       6
       5
       5
       4
       4
       4
       3
       7
       2
      13
      10
       1
       5
       2
       4
       6
       9
       7
       5
       5
       4
       3
       6
       3
       7
       5
       3
       5
       2
       5
       8
       5
       1
       3
       5
       3
       3
       5
       2
       5
       5
       1
       3
       3
       6
       3
       8
       4
       3
       9
       6
       6
       8
       1
       2
       4
       4
       1
       3
       7
       5
       3
       1
       3
       4
       2
       2
       2
       0
       2
       6
       5
       3
       7
       7
       5
       5
       6
       4
       1
       7
       1
       5
       8
       4
       5
       4
       3
       5
       4
       6
       4
       3
       2
       3
       2
       6
       2
       2
       4
       7
       4
       8
       4
       6
       7
       9
       9
       1
       8
       5
       6
       8
       8
       3
       6
       4
       7
       6
       5
       5
       4
       7
      12
       5
       6
       7
       7
       5
       7
       7
       2
       6
       2
      13
       5
       5
       7
       7
       2
       5
      10
       7
       5
       5
       5
       6
       8
       8
       6
       5
       3
      11
       7
       5
       6
       4
       4
       9
       3
       2
       4
       7
       7
       2
       2
       3
       2
       4
       1
       2
       3
       5
       1
       4
       2
       3
       1
       1
       2
       2
       2
       3
       1
       2
       0
       3
       2
       2
       1
       5
       3
       1
       4
       4
       2
       1
       1
       2
       0
       3
       0
       3
       3
       5
       3
       0
       6
       2
       2
       3
       2
       0
       2
       1
       1
       1
       2
       2
       1
       2
       4
       3
       2
       1
       2
       0
       0
       4
       0
       1
       3
       0
       2
       0
       2
       1
       0
       3
       0
       2
       0
       1
       0
       0
       0
       1
       3
       3
       2
       1
       2
       4
       1
       4
       0
       1
       0
       0
       0
       3
       4
       1
       1
       0
       1
       0
       1
       0
       0
       0
       0
       0
       0
       0
       1
       1
       1
       0
       2
       0
       0
       1
       2
       1
       2
       2
       2
       0
       1
       1
       3
       1
       0
       0
       2
       2
       1
       1
       1
       1
       1
       1
       2
       0
       0
       2
       1
       1
       2
       0
       1
       1
       2
       0
       1
       2
       1
       0
       0
       0
      17
      21
      18
      13
      13
      16
      14
      14
      24
      22
      17
      18
      21
      20
      21
      19
      21
      20
      23
      19
      25
      17
      18
      18
$ROI:
0
$PRESETS:
Real Time
300
0
$ENER_FIT:
0.000000 0.000000
$MCA_CAL:
3
0.000000E+000 0.000000E+000 0.000000E+000
$SHAPE_CAL:
3
0.000000E+000 0.000000E+000 0.000000E+000
