$SPEC_ID:
xxx
$SPEC_REM:
DET# 1
DETDESC# MCB 1
AP# Maestro Version 5.30
$DATE_MEA:
01/01/2000 03:17:38
$MEAS_TIM:
249 300
$DATA:
0 1023
       0
       0
       0
       0
      10
     493
     250
     191
     176
     195
     169
     155
     175
     193
     173
     191
     193
     209
     245
     218
     248
     227
     259
     213
     264
     233
     250
     247
     254
     223
     254
     259
     292
     267
     267
     281
     334
     339
     343
     365
     415
     390
     361
     357
     445
     466
     428
     461
     448
     473
     536
     473
     558
     513
     480
     516
     562
     486
     509
     547
     492
     494
     537
     518
     543
     549
     565
     470
     500
     525
     519
     534
     548
     497
     493
     484
     607
     488
     459
     480
     510
     523
     487
     494
     453
     479
     527
     469
     478
     464
     465
     474
     472
     467
     478
     486
     500
     441
     435
     473
     445
     450
     438
     415
     463
     425
     390
     497
     473
     480
     463
     498
     465
     473
     503
     435
     456
     421
     431
     473
     433
     409
     450
     424
     413
     451
     404
     430
     412
     441
     429
     372
     408
     425
     374
     429
     375
     409
     384
     375
     399
     358
     394
     378
     344
     379
     319
     343
     325
     325
     311
     281
     300
     314
     305
     351
     346
     277
     294
     288
     274
     288
     254
     292
     255
     258
     276
     295
     261
     252
     272
     258
     222
     277
     215
     246
     226
     215
     201
     226
     253
     214
     219
     225
     214
     246
     217
     215
     205
     213
     185
     171
     211
     192
     182
     199
     197
     179
     204
     186
     195
     187
     242
     211
     213
     195
     205
     185
     188
     187
     178
     160
     185
     168
     171
     206
     169
     153
     145
     165
     173
     169
     199
     187
     182
     160
     191
     179
     161
     175
     179
     187
     162
     162
     134
     183
     178
     161
     162
     189
     169
     147
     151
     151
     164
     162
     174
     168
     149
     166
     150
     176
     165
     140
     136
     167
     145
     143
     140
     130
     131
     142
     150
     145
     120
     138
     130
     124
     119
     122
     115
     118
     106
     100
     108
     100
     101
     108
     106
      98
      83
     100
      99
      89
      79
      82
      78
      80
      74
      73
      67
      72
      74
      68
      75
      83
      60
      64
      60
      64
      51
      72
      45
      65
      46
      66
      51
      61
      55
      62
      53
      51
      39
      53
      52
      68
      50
      43
      72
      51
      45
      47
      49
      57
      57
      54
      75
      54
      63
      56
      60
      53
      57
      57
      68
      73
      75
      68
      66
      83
      91
      95
     108
      99
     104
     103
     119
     122
     129
     146
     157
     166
     203
     216
     197
     211
     224
     244
     243
     249
     250
     287
     301
     330
     310
     352
     365
     382
     374
     388
     421
     397
     443
     429
     457
     450
     457
     534
     500
     474
     488
     516
     492
     491
     463
     467
     511
     446
     445
     408
     434
     422
     365
     385
     347
     376
     315
     319
     308
     291
     294
     240
     218
     217
     180
     216
     164
     160
     151
     132
     151
     127
      99
      99
     102
      99
      89
      76
      69
      68
      60
      51
      39
      39
      44
      28
      22
      27
      37
      30
      28
      35
      16
      14
      29
      20
      15
      17
      23
      13
      20
      18
      24
      18
       9
      21
      17
      12
      14
      12
      11
      21
      13
      15
       8
      14
      11
      11
      10
      18
      15
       9
      13
      14
      10
      10
       9
       5
      11
      12
       6
       9
      12
       8
      12
       8
       8
       6
      20
      14
      11
      13
       9
       5
       9
       6
       9
      13
      10
       7
       5
       7
      16
       8
       3
      10
      16
      12
      11
      13
       9
       9
       5
      10
      15
      13
      10
       8
      12
       7
       6
       7
       5
       8
       5
       9
       5
       9
       9
      14
      11
      14
       7
       6
      10
       6
       7
       9
      11
      10
       8
      11
      11
      11
       8
       9
      10
      11
      10
       9
       4
      10
       9
       7
      10
      11
       6
      11
      11
       5
       9
       8
       5
       7
       9
      13
       6
       8
       8
       4
       5
      11
      13
       5
       9
       3
       9
       9
       9
       7
       6
       3
       3
       4
       4
       9
       9
       6
       8
       4
       6
      13
       8
       7
      10
       5
       6
       7
       1
       8
       2
       7
       8
       4
       8
       4
       7
       6
       3
      12
       6
       4
       7
       5
       5
      10
       7
       7
       7
       8
      11
       5
       4
       4
       9
       7
       6
       5
       4
       3
      12
       5
       5
       8
      11
       9
       8
       5
       3
       6
       3
       4
       6
       5
       7
       5
       6
       9
       5
       7
       4
       2
       8
       7
       9
       6
       4
       9
       7
       6
       9
       7
       9
       5
       5
       6
       8
       6
       6
       5
       5
       6
       8
       4
      10
       5
       5
       6
       3
       1
       7
       5
       3
       7
       8
       2
       6
       8
       3
      13
       3
       4
       5
       5
       8
       6
       8
       6
       8
       6
       4
       4
       6
       4
       7
       7
       4
       2
       3
       3
       2
       7
       4
       3
       5
       7
       6
       7
       8
       4
       5
       1
       4
       3
       5
       5
       7
       4
       2
       4
       2
       4
       2
       4
       3
       5
       4
       3
      10
       3
       6
       6
       6
       1
       4
       3
       4
       5
       3
       6
       5
       7
       2
       6
       2
       7
       6
       4
       8
       5
       2
       5
       4
       7
       2
       4
       4
      11
       2
       0
       3
       2
       2
       3
       4
       5
       7
       5
       1
       1
       2
       5
       1
       7
       3
       2
       3
       9
       3
       5
       4
       3
       2
       3
       4
       7
       6
       3
       6
       8
       6
       3
       3
      10
       6
       7
       3
       6
       5
       2
       8
       9
       6
       2
       4
       9
       3
      13
       6
       5
       7
       3
       6
       7
       4
       7
       4
      11
       6
       6
       5
      12
       9
       8
       1
       7
       6
       4
       3
       5
       9
      10
       3
       3
       7
       9
      10
       8
       4
       2
       1
       3
       6
       5
       4
       5
       4
       5
       2
       4
       1
       3
       2
       0
       3
       3
       5
       2
       1
       4
       4
       1
       1
       2
       1
       3
       4
       4
       3
       2
       0
       4
       3
       2
       1
       2
       3
       4
       2
       3
       0
       1
       1
       3
       0
       1
       0
       1
       1
       1
       2
       1
       3
       2
       2
       1
       1
       0
       1
       0
       1
       3
       1
       0
       2
       1
       2
       1
       2
       0
       1
       2
       0
       1
       4
       1
       1
       1
       2
       2
       1
       2
       0
       1
       0
       0
       1
       1
       1
       1
       0
       1
       0
       1
       1
       1
       0
       1
       0
       2
       2
       1
       1
       0
       1
       1
       1
       2
       0
       1
       0
       2
       1
       1
       0
       3
       3
       1
       0
       1
       4
       3
       0
       0
       1
       0
       1
       2
       1
       0
       3
       0
       1
       1
       1
       1
       0
       2
       1
       0
       2
       1
       2
       2
       0
       1
       0
       3
       1
       2
       0
       3
       1
       0
       2
       1
       3
       2
       1
       0
      10
      15
      21
      23
      29
      15
      18
      21
      21
      14
      19
      17
      17
      20
      11
      21
      17
      16
      17
      22
      22
      18
      16
      24
$ROI:
0
$PRESETS:
Real Time
300
0
$ENER_FIT:
0.000000 0.000000
$MCA_CAL:
3
0.000000E+000 0.000000E+000 0.000000E+000
$SHAPE_CAL:
3
0.000000E+000 0.000000E+000 0.000000E+000
