$SPEC_ID:
xxx
$SPEC_REM:
DET# 1
DETDESC# MCB 1
AP# Maestro Version 5.30
$DATE_MEA:
01/01/2000 03:10:47
$MEAS_TIM:
255 300
$DATA:
0 1023
       0
       0
       0
       0
      13
     404
     222
     151
     136
     135
     142
     149
     147
     157
     179
     181
     170
     186
     183
     198
     181
     183
     191
     208
     204
     191
     201
     202
     235
     205
     213
     269
     235
     263
     292
     278
     317
     289
     350
     352
     323
     347
     390
     408
     406
     391
     418
     438
     444
     439
     469
     458
     510
     474
     496
     476
     515
     507
     483
     506
     525
     526
     509
     517
     504
     455
     520
     516
     505
     511
     496
     473
     493
     566
     555
     506
     506
     506
     522
     507
     495
     509
     517
     457
     472
     463
     477
     456
     479
     450
     453
     445
     444
     444
     432
     462
     402
     401
     422
     412
     447
     437
     412
     444
     457
     437
     402
     462
     400
     436
     456
     443
     504
     458
     448
     424
     433
     417
     407
     458
     426
     418
     396
     404
     409
     415
     392
     405
     393
     397
     361
     422
     395
     347
     348
     345
     346
     307
     370
     349
     324
     350
     343
     340
     307
     296
     299
     342
     281
     280
     279
     298
     291
     286
     268
     274
     246
     286
     275
     250
     259
     261
     270
     237
     239
     237
     256
     251
     235
     222
     226
     219
     207
     216
     212
     229
     185
     212
     208
     218
     230
     215
     221
     178
     183
     203
     181
     199
     182
     166
     201
     199
     175
     191
     199
     182
     153
     186
     160
     164
     149
     173
     176
     159
     164
     154
     200
     187
     162
     195
     177
     171
     150
     155
     159
     169
     193
     170
     175
     141
     154
     160
     156
     148
     161
     148
     155
     160
     155
     155
     131
     141
     148
     142
     167
     144
     139
     134
     143
     157
     148
     126
     135
     164
     148
     132
     154
     141
     165
     121
     132
     154
     142
     134
     135
     135
     124
     134
     121
     129
     142
     137
     122
     127
     107
     110
     120
      95
     116
     119
     114
     116
      99
     114
     119
      97
      93
     105
      87
     101
     102
      87
      96
      78
      84
      86
      83
      92
      91
      88
      72
      66
      83
      56
      81
      65
      58
      71
      70
      71
      77
      73
      72
      60
      78
      76
      80
      63
      83
      65
      69
      66
      65
      51
      68
      51
      68
      73
      66
      59
      88
      66
      54
      67
      82
      62
      82
      67
      78
      67
      76
      73
      75
      79
     101
      68
      66
      76
      82
      93
      89
      82
      99
      99
     114
      96
     118
     112
     109
     124
     150
     140
     154
     148
     182
     171
     186
     177
     200
     212
     225
     266
     232
     270
     243
     318
     257
     289
     290
     296
     351
     323
     330
     319
     355
     400
     359
     388
     404
     347
     337
     340
     369
     352
     342
     373
     373
     343
     298
     286
     320
     317
     274
     303
     231
     257
     267
     217
     196
     204
     198
     184
     177
     169
     149
     133
     127
     143
     111
      87
      92
     106
      85
      88
      85
      65
      76
      69
      50
      46
      52
      37
      42
      45
      39
      25
      33
      33
      22
      16
      25
      24
      21
      17
      17
      18
      17
      13
      16
      23
      11
      18
      14
      11
      11
      15
      12
      16
      12
      16
      12
      16
      15
      10
       5
      14
       9
      13
       7
       4
      11
       6
      13
       8
       6
       9
       6
      15
      10
       7
      13
       8
       8
       9
      12
      15
       6
      15
       9
      11
       4
      17
       6
      17
      13
       6
      13
       8
       9
      10
      14
       7
      11
      11
       8
      11
       6
       8
       6
      10
       8
       6
       9
       9
       9
      11
      12
      12
       6
       9
       8
       8
      10
       4
      10
      16
      13
       6
       9
       6
      11
      11
      10
      11
      10
       7
       6
      11
       9
      10
       9
      16
       7
       8
       9
       6
       3
       3
      10
       6
      13
      10
       7
       9
       2
      10
       7
      15
      10
       4
       8
       5
       6
       6
       8
       7
      10
      11
      10
       7
       7
       3
      10
       8
      10
       6
      11
      10
       9
       6
       8
       9
       8
       6
       7
       7
       7
       9
       8
       6
       3
       4
       9
       5
       9
       8
       4
       9
       6
       6
      11
       6
       2
       5
       8
       7
       4
       2
       8
       6
       8
       5
       6
       5
       8
       6
       9
       5
       7
       6
       7
       7
       5
       6
       3
       6
       4
       5
       6
       5
       3
       9
       3
       7
       5
       8
       4
       9
       7
       6
       7
       7
       9
       5
       5
       9
      12
       6
       4
       3
       6
       7
       6
       2
      10
       8
       5
      11
       6
       5
       5
       6
       6
       4
       6
       4
       8
       7
       5
       3
       5
       4
       2
       9
       6
      12
       2
       8
       7
       2
       6
      10
       5
       6
       5
       8
       4
       4
       8
      11
       7
       4
      10
       4
       5
       2
       5
       2
       5
       2
       8
       2
       6
       5
       7
       3
       5
       7
       6
       5
       8
       5
       4
       7
       6
       3
       4
       0
       3
       1
       7
       1
       3
       5
       4
       5
       2
       3
       5
       1
       3
       2
       2
       2
       4
       6
       1
       7
       4
       5
       4
       1
       4
       3
       4
       5
       3
       2
       4
       3
       4
       8
       4
       4
       5
       3
       1
       3
       2
       6
       6
       6
       3
       4
       5
       5
       5
       6
       8
       6
       2
       3
       3
       2
       3
       3
       7
       4
       5
       1
       3
       5
       1
       8
       4
       3
       7
       6
       1
       3
       2
       4
       2
       3
       6
       4
       9
       6
      10
      10
       5
       2
       8
       3
       6
       6
       8
       9
       5
       3
       3
       9
       6
       5
       7
       5
       5
       7
       5
       7
       1
       9
       2
       6
       3
      10
      12
      11
       8
       6
       7
       4
       8
       4
       9
      10
       9
       5
       8
       6
       5
       6
       8
       6
       2
       7
       2
       4
       4
       7
       4
       8
       6
       7
       6
       4
       2
       5
       2
       7
       5
       3
       4
       4
       0
       3
       2
       3
       3
       5
       5
       3
       4
       3
       3
       4
       1
       2
       1
       1
       5
       2
       1
       4
       6
       2
       1
       4
       1
       1
       0
       0
       2
       1
       1
       1
       0
       2
       2
       0
       3
       3
       2
       1
       1
       4
       3
       2
       2
       1
       0
       1
       2
       0
       2
       0
       3
       0
       1
       0
       1
       1
       1
       0
       1
       0
       3
       1
       1
       1
       0
       1
       0
       2
       1
       0
       0
       0
       0
       0
       1
       2
       0
       1
       0
       1
       1
       0
       1
       1
       2
       1
       0
       3
       0
       0
       0
       1
       2
       1
       3
       1
       1
       0
       0
       2
       2
       2
       0
       0
       1
       1
       0
       0
       1
       2
       2
       0
       0
       1
       1
       1
       2
       1
       2
       1
       0
       2
       1
       1
       2
       0
       1
       1
       0
       0
       2
       2
       1
       1
       1
       2
       0
       0
       1
       0
       3
       0
       1
       2
      15
      23
      17
      12
      21
      20
      24
      15
      17
      18
      22
      27
      21
      21
      22
      18
      23
      19
      18
      17
      15
      13
      12
       7
$ROI:
0
$PRESETS:
Real Time
300
0
$ENER_FIT:
0.000000 0.000000
$MCA_CAL:
3
0.000000E+000 0.000000E+000 0.000000E+000
$SHAPE_CAL:
3
0.000000E+000 0.000000E+000 0.000000E+000
