$SPEC_ID:
xxx
$SPEC_REM:
DET# 1
DETDESC# MULTICAN MCB 1
AP# Maestro Version 5.30
$DATE_MEA:
01/01/2000 02:23:21
$MEAS_TIM:
254 300
$DATA:
0 1023
       0
       0
       0
       0
   42093
   37520
    2100
     139
      93
      48
      46
      54
      75
      56
      72
      64
      76
      70
      68
      77
      52
      77
      86
      93
      86
      93
     104
     118
     104
     115
     107
     143
     153
     169
     168
     162
     164
     217
     194
     258
     228
     261
     252
     318
     266
     307
     323
     320
     326
     349
     357
     328
     377
     332
     373
     368
     353
     365
     370
     373
     344
     374
     365
     348
     348
     366
     324
     328
     350
     348
     341
     350
     350
     290
     332
     337
     335
     329
     336
     293
     304
     285
     283
     283
     272
     285
     304
     272
     280
     282
     254
     281
     256
     227
     257
     232
     230
     229
     227
     242
     198
     201
     242
     197
     204
     202
     201
     169
     206
     201
     200
     208
     198
     179
     176
     179
     176
     134
     156
     182
     161
     179
     166
     147
     146
     153
     157
     156
     148
     145
     137
     161
     130
     124
     149
     130
     137
     130
     132
     135
     130
     134
     102
     124
     110
     112
     118
      92
     108
      93
      94
      96
      86
      97
      85
      97
      99
     100
      94
      94
      98
      86
      81
      91
      96
      90
      68
      77
      72
      94
      79
      79
      70
      79
      76
      84
      66
      78
      80
      60
      63
      61
      71
      68
      70
      58
      63
      60
      75
      66
      66
      55
      68
      60
      52
      55
      48
      45
      69
      61
      56
      52
      45
      52
      47
      43
      56
      58
      46
      49
      51
      50
      35
      56
      49
      33
      38
      33
      49
      34
      34
      39
      38
      37
      34
      45
      32
      35
      27
      37
      41
      29
      36
      38
      34
      35
      27
      37
      32
      24
      28
      38
      19
      32
      25
      23
      34
      31
      33
      38
      33
      26
      27
      37
      29
      26
      24
      21
      27
      25
      28
      25
      21
      22
      33
      32
      19
      30
      24
      24
      18
      24
      17
      25
      18
      33
      30
      27
      22
      17
      18
      28
      21
      33
      27
      15
      22
      20
      18
      20
      15
      26
      21
      17
      27
      22
      25
      25
      22
      24
      19
      21
      25
      26
      18
      24
      26
      16
      37
      17
      16
      20
      29
      25
      14
      15
      20
      14
      14
      23
      23
      12
      18
      27
      20
      30
      27
      17
      21
      13
      21
      11
      16
      25
      21
      23
      20
      22
      17
      24
      22
      26
      28
      16
      21
      10
      21
      21
      19
      19
      13
      16
      27
      20
      19
      22
      23
      26
      20
      21
      17
       9
      12
      18
      18
      19
      18
      16
      23
      21
      17
      15
       8
      11
      18
      21
      15
      10
      16
       9
      11
       9
      13
       9
      12
      12
      12
       7
      13
       9
       6
      14
      13
      14
      16
       3
      12
      11
      16
      12
      13
      12
      15
      11
      11
      18
      14
      12
      11
      15
       5
      10
      12
      12
      11
       9
      11
      12
       9
      10
      17
      13
      17
      10
      16
      11
      14
      12
       9
      11
      12
      16
      12
      18
      11
       8
      13
      11
       6
      12
       6
      12
       7
       8
      18
      10
      12
      12
      10
       8
       8
      13
       8
       7
       7
       8
      10
       7
      10
       7
      11
       7
      10
      10
      12
       5
      13
       7
       6
      10
      10
      10
      11
       8
       6
      10
       9
      11
      15
       8
       8
       6
       8
       6
       9
       7
       9
      11
       8
       7
      13
      11
       7
      10
      15
      10
      13
       5
      10
       3
      12
       5
      13
      11
       8
      17
       7
      13
       6
       8
       7
      13
       3
       7
       5
      16
       6
      13
       8
      11
      15
      13
       6
      20
       7
       9
      16
       9
       8
       2
       8
       8
      11
       9
       4
      12
       8
       7
       5
      16
       8
       3
       7
       5
       7
      10
       7
       8
       7
       7
       6
       5
       8
       6
       4
       2
       8
       4
       6
       5
       9
      11
       7
      10
      11
       6
       7
       7
       7
       9
       6
       8
       4
       6
       6
       6
       4
       6
       2
       6
       7
       8
       6
       8
       8
       6
       6
       5
       9
       3
       8
       6
       5
       5
       6
      12
       4
       6
       2
       2
       5
       6
       5
       9
      10
       6
       7
       5
       5
       8
       4
       5
       6
       4
       7
       5
       2
       4
       1
       1
       3
       4
       4
       3
       8
       5
       5
       9
       5
       4
       4
       4
       7
       6
       9
       5
       2
       7
       6
       5
       4
       2
       9
       2
       4
       3
       1
       7
       7
       7
       5
      12
       6
       7
       3
       3
      10
       5
       5
       3
       2
       8
       5
       3
       1
       6
       3
       3
       6
       6
       3
       5
       6
       5
       2
      11
       4
       3
       3
      10
       6
       2
       6
       3
       5
       7
       4
       4
       5
       7
       3
       2
       5
       6
       4
       4
       7
       7
       3
       9
       4
       5
       2
       4
       2
       2
       2
       4
       8
       5
       3
       2
       2
       2
       2
       6
       7
       2
       3
       6
       6
       3
       2
       6
       3
       3
       5
       1
       4
       0
       1
       7
       6
       2
       2
      10
       9
       6
       1
       6
       2
       5
       3
       2
       2
       6
       3
       3
       4
       4
       5
       2
       6
       4
       2
       3
       8
       1
       4
       3
       2
       2
       2
       3
       4
       5
       3
       4
       4
       6
       4
       3
       4
       6
       6
       2
       4
       3
       5
       6
       3
       1
       4
       1
       3
       3
       5
       4
       7
       4
       5
       3
       6
       7
       4
       4
       3
       7
       8
       5
       5
       6
      10
       1
       4
       8
       5
      12
      10
       3
       4
       6
       5
       8
      11
       5
      10
       5
       5
       3
      10
       5
       5
       4
       3
       5
       7
       6
       1
       4
       6
       2
       0
       5
       1
       7
       6
       5
       7
       3
       4
       2
       5
       5
       4
       6
       2
       2
       7
       3
       8
       3
       1
       2
       5
       4
       1
       1
       5
       1
       4
       3
       1
       3
       3
       2
       6
       3
       0
       4
       2
       2
       1
       4
       1
       1
       1
       1
       4
       2
       4
       4
       2
       1
       0
       2
       4
       7
       2
       1
       3
       0
       2
       0
       3
       1
       0
       3
       1
       3
       1
       2
       1
       1
       2
       1
       1
       4
       1
       2
       2
       0
       1
       2
       0
       1
       2
       1
       1
       2
       2
       1
       0
       3
       2
       0
       3
       3
       2
       3
       1
       1
       3
       0
       1
       0
       2
       0
       2
       2
       3
       2
       0
       1
       0
       3
       1
       2
       1
       1
       3
       0
       2
       3
       1
       3
       0
       1
       3
       1
       0
       1
       0
       1
       1
       0
       1
       2
       1
       4
       1
       0
       0
       1
       1
       1
       1
       0
       3
       1
       5
       0
       1
       1
       4
       2
       3
       2
       3
       0
       6
       2
       1
       1
       1
       1
       3
       1
       2
       0
      12
      22
      19
      20
      22
      16
      18
      10
      22
      14
      14
      12
      35
      12
      22
      21
      14
      28
      16
      16
      17
      22
      11
      11
$ROI:
0
$PRESETS:
Real Time
300
0
$ENER_FIT:
0.000000 0.000000
$MCA_CAL:
3
0.000000E+000 0.000000E+000 0.000000E+000
$SHAPE_CAL:
3
0.000000E+000 0.000000E+000 0.000000E+000
