$SPEC_ID:
xxx
$SPEC_REM:
DET# 1
DETDESC# MCB 1
AP# Maestro Version 5.30
$DATE_MEA:
01/01/2000 03:59:45
$MEAS_TIM:
267 300
$DATA:
0 1023
       0
       0
       0
       0
       8
     279
     155
      99
      69
      68
      74
      69
      70
      82
      93
      74
      89
      85
      90
      96
     104
     104
     109
     116
     107
     107
     135
     109
     114
     141
     132
     136
     148
     185
     192
     204
     193
     225
     243
     252
     255
     285
     306
     325
     311
     311
     332
     381
     372
     371
     413
     378
     377
     365
     392
     399
     396
     386
     419
     405
     396
     391
     375
     418
     386
     360
     385
     400
     389
     347
     378
     387
     381
     359
     375
     394
     381
     401
     369
     347
     352
     325
     325
     341
     333
     344
     337
     308
     297
     332
     329
     353
     303
     293
     285
     279
     284
     272
     280
     295
     271
     278
     293
     263
     281
     270
     247
     260
     250
     220
     219
     235
     270
     232
     248
     232
     242
     262
     187
     217
     221
     208
     205
     234
     217
     210
     198
     247
     193
     201
     201
     191
     178
     180
     181
     165
     164
     186
     199
     173
     151
     172
     171
     162
     149
     165
     166
     139
     134
     172
     139
     138
     123
     152
     138
     111
     130
     128
     127
     129
     129
     137
     109
     132
     112
     116
     110
     108
     117
     101
     121
     108
     107
     125
     105
     102
     115
      96
      92
      86
      91
      94
      90
      93
      87
      94
     102
      97
      98
      76
      81
      77
      83
      72
      80
      80
      79
      78
      64
      87
      69
      72
      64
      83
      75
      90
      71
      78
      65
      56
      57
      73
      62
      59
      68
      67
      69
      46
      58
      50
      51
      75
      61
      45
      54
      66
      38
      39
      62
      61
      50
      47
      51
      64
      39
      59
      59
      58
      54
      44
      59
      49
      52
      33
      53
      55
      49
      57
      46
      36
      57
      35
      50
      43
      44
      41
      44
      41
      43
      53
      39
      35
      48
      49
      48
      53
      46
      53
      43
      55
      57
      59
      61
      53
      57
      60
      63
      78
      72
      84
      67
      74
      86
      80
      76
      71
      87
      78
      80
      84
      78
      79
      97
      86
      96
     110
     100
      90
      81
     104
      83
      85
      83
      73
      81
      72
      66
      82
      56
      51
      63
      57
      57
      60
      52
      44
      52
      47
      43
      37
      33
      39
      35
      37
      45
      30
      30
      36
      28
      30
      25
      22
      35
      24
      33
      20
      24
      20
      27
      27
      28
      17
      34
      32
      23
      31
      29
      14
      26
      26
      19
      27
      18
      24
      21
      21
      28
      19
      22
      21
      15
      31
      24
      19
      31
      15
      24
      24
      18
      32
      18
      15
      26
      25
      21
      19
      23
      12
      25
      26
      23
      18
      19
      13
      14
      17
      18
      19
      14
      16
      22
      24
      21
      17
      22
      28
      13
      17
      17
      14
      13
      15
      21
      15
      18
      17
      20
      22
      15
      17
      14
      17
      21
      17
       9
      18
       5
      20
      19
      12
      18
      13
      19
      13
      21
      10
      23
      10
      13
      13
      19
      24
      13
      22
      13
      16
      18
      17
      12
      13
       9
      11
      11
      18
      17
      20
      10
      12
      16
      10
      15
       9
       9
      12
      15
      13
      17
      14
      14
      15
      12
      17
      12
      21
      13
      14
       6
      17
      16
       9
      16
      10
      10
       7
      11
      12
      14
      17
      14
       7
      12
      14
      16
      23
       9
       9
      15
       8
       9
       8
      21
      15
      12
       7
      10
      16
      11
       9
      13
      15
      14
       5
       9
      10
      16
      12
      18
       6
      17
      20
      13
      17
      12
      14
      17
      16
      24
      10
       9
      17
      17
      13
       9
      16
      14
       9
      13
      12
      12
      10
      16
      10
      18
      15
      13
      10
       9
      15
      16
       6
      22
       6
      15
       9
      10
      10
      12
       7
      12
       8
      14
       9
      14
      11
      18
      15
      11
      14
      11
      10
      12
      12
       9
      16
      12
      17
       7
       6
      18
      11
       7
      12
       7
      14
       7
       7
       9
       7
      10
       7
      14
      10
       5
      10
       8
       7
       9
       9
      10
      10
       7
       6
       7
      13
       8
       4
      11
       8
       8
       6
      18
      12
      11
       4
       7
       8
       2
       3
       4
       6
      11
      10
      13
       6
       9
      10
       6
       7
       9
      15
      10
       6
       5
      11
       7
      11
       4
      12
       6
       6
       6
       3
       6
       5
       8
       9
       6
       9
      11
       7
       3
      10
       9
      13
      14
       5
       9
       5
       9
      12
       9
      12
       5
       9
      10
       9
       9
       7
       8
      11
      11
       8
      12
       4
       5
       9
      13
       4
       5
      12
       5
       6
      15
       5
      18
       8
       8
       7
       9
       9
       6
       6
       8
      11
      14
       6
       7
       6
       8
      11
       8
      10
      14
      10
       9
       4
       8
      11
      13
      18
      20
      23
      16
      10
      11
      12
       7
      13
      12
      16
      12
      20
      14
      16
      19
      15
      12
      14
      23
      18
      18
      11
       9
      10
      10
       8
      10
       9
      13
      15
      20
      13
       4
       8
       7
      13
      16
      12
       5
      10
       9
       9
       7
       9
       7
      11
       9
       4
       3
      10
      11
       6
       6
       5
       7
       3
       6
       5
       3
       4
       4
      11
       2
       2
       7
       7
       7
       5
       6
       5
       8
       6
       4
       6
       7
       4
       4
       8
       7
       5
      11
       8
       6
       3
       6
       8
       7
       5
       6
       8
       5
       5
       3
       8
       4
       9
       5
       3
      11
      12
      12
       5
       7
       4
       3
       5
      11
       7
      10
      11
       3
       7
      10
       3
       6
       7
       8
       4
       4
       4
       6
      10
       3
       8
       7
       7
       5
       9
       9
       6
       1
       7
       2
       8
       8
       2
       5
       5
       6
       5
       5
       6
       4
       6
       1
       6
       2
       6
       3
       5
       4
       4
       2
       3
       3
       6
       8
       1
       4
       2
       1
       2
       2
       1
       4
       1
       1
       3
       1
       2
       1
       2
       2
       1
       1
       2
       1
       2
       2
       1
       4
       3
       2
       2
       1
       0
       4
       0
       2
       2
       1
       0
       3
       2
       3
       1
       0
       2
       0
       2
       1
       0
       2
       0
       2
       2
       2
       0
       1
       3
       1
       1
       1
       1
       1
       0
       4
       2
       3
       1
       4
       1
       4
       2
       1
       2
       2
       1
       1
       1
       1
       1
       2
       0
       1
       1
       0
       2
       1
       0
       0
       2
       1
       0
       0
       1
       2
       0
       1
       1
       2
       0
       1
       3
       1
       2
       0
       3
       1
       0
       1
       2
       1
       0
       2
       1
       1
       0
       1
       3
       2
       1
       3
       2
       2
       1
       3
       3
       1
       1
       1
       1
       1
       0
       0
       0
       2
       0
       1
       2
       0
       0
       2
       4
       1
       1
       2
       4
       2
       0
      16
      19
      11
      22
      23
      23
      26
      23
      20
      28
      18
      15
      22
      15
      20
      27
      22
      15
      22
      13
      26
      23
      23
      19
$ROI:
0
$PRESETS:
Real Time
300
0
$ENER_FIT:
0.000000 0.000000
$MCA_CAL:
3
0.000000E+000 0.000000E+000 0.000000E+000
$SHAPE_CAL:
3
0.000000E+000 0.000000E+000 0.000000E+000
