$SPEC_ID:
xxx
$SPEC_REM:
DET# 1
DETDESC# MULTICAN MCB 1
AP# Maestro Version 5.30
$DATE_MEA:
01/10/2000 00:31:45
$MEAS_TIM:
74 180
$DATA:
0 1023
       0
       0
       0
       0
   51012
  137946
   50744
   11366
    2200
     797
     726
     708
     704
     692
     760
     713
     712
     753
     727
     768
     773
     787
     744
     775
     803
     775
     749
     846
     815
     810
     806
     800
     828
     860
     830
     802
     856
     881
     894
     937
     938
     920
     881
     874
     925
     900
     979
    1014
     961
     991
    1008
    1028
    1036
    1078
    1066
    1034
    1084
    1106
    1149
    1127
    1169
    1078
    1152
    1168
    1146
    1128
    1161
    1218
    1158
    1261
    1249
    1319
    1284
    1324
    1266
    1274
    1276
    1315
    1311
    1336
    1381
    1449
    1380
    1402
    1345
    1383
    1402
    1495
    1434
    1411
    1432
    1394
    1471
    1431
    1417
    1455
    1486
    1485
    1518
    1467
    1486
    1542
    1607
    1595
    1595
    1571
    1631
    1578
    1607
    1626
    1684
    1759
    1674
    1703
    1659
    1675
    1784
    1766
    1728
    1815
    1831
    1732
    1748
    1801
    1850
    1825
    1693
    1769
    1651
    1713
    1757
    1672
    1707
    1610
    1734
    1641
    1674
    1621
    1677
    1639
    1512
    1610
    1599
    1538
    1536
    1568
    1561
    1536
    1495
    1458
    1479
    1518
    1442
    1399
    1454
    1439
    1424
    1396
    1388
    1405
    1403
    1236
    1295
    1356
    1294
    1261
    1286
    1228
    1307
    1260
    1280
    1164
    1205
    1207
    1216
    1187
    1195
    1142
    1154
    1145
    1170
    1111
    1119
    1105
    1075
    1087
    1099
    1101
    1104
    1053
    1091
    1051
    1101
    1036
    1015
    1022
    1079
    1046
    1004
     998
     997
     947
     941
     953
     884
     977
     896
     966
     898
     864
     862
     852
     808
     829
     832
     760
     826
     784
     727
     722
     709
     748
     690
     694
     648
     650
     647
     627
     655
     622
     619
     570
     566
     602
     575
     566
     509
     531
     562
     515
     496
     515
     488
     500
     528
     520
     490
     480
     509
     496
     507
     488
     454
     506
     479
     516
     481
     493
     502
     469
     483
     489
     472
     504
     497
     466
     443
     462
     476
     498
     467
     479
     489
     456
     456
     509
     479
     498
     527
     501
     506
     526
     542
     567
     539
     584
     582
     592
     612
     621
     697
     720
     761
     803
     785
     847
     896
     928
     976
    1034
    1127
    1153
    1194
    1265
    1340
    1515
    1596
    1627
    1805
    1770
    1926
    1993
    2128
    2138
    2285
    2332
    2493
    2544
    2622
    2686
    2656
    2837
    2900
    2831
    2773
    2992
    2891
    3013
    3018
    2963
    2947
    2950
    2827
    2762
    2739
    2712
    2722
    2446
    2464
    2367
    2278
    2226
    2056
    2052
    1954
    1859
    1729
    1719
    1527
    1471
    1316
    1253
    1199
    1093
    1019
     997
     910
     825
     816
     704
     666
     629
     595
     574
     559
     480
     456
     399
     375
     335
     349
     285
     287
     292
     259
     249
     250
     249
     214
     249
     207
     202
     209
     223
     182
     192
     193
     190
     205
     177
     194
     195
     172
     185
     197
     194
     194
     163
     178
     166
     198
     169
     166
     186
     167
     146
     162
     163
     155
     163
     162
     161
     174
     158
     158
     159
     188
     167
     160
     176
     144
     171
     169
     169
     161
     157
     177
     162
     166
     156
     162
     161
     173
     161
     162
     166
     156
     126
     156
     145
     156
     142
     169
     154
     160
     149
     157
     168
     167
     158
     164
     139
     159
     142
     162
     158
     156
     150
     144
     183
     154
     164
     148
     146
     167
     133
     156
     166
     157
     168
     161
     153
     149
     154
     164
     154
     177
     164
     142
     159
     146
     159
     146
     154
     151
     170
     165
     166
     150
     151
     152
     178
     171
     147
     164
     173
     153
     162
     176
     155
     159
     140
     159
     135
     139
     150
     141
     134
     135
     159
     154
     146
     148
     146
     155
     169
     169
     138
     165
     150
     148
     158
     164
     164
     142
     152
     138
     168
     154
     151
     161
     153
     157
     169
     130
     146
     170
     146
     147
     149
     149
     146
     141
     152
     148
     148
     152
     154
     139
     143
     171
     133
     171
     169
     156
     166
     145
     175
     176
     165
     155
     158
     159
     133
     161
     156
     176
     152
     157
     140
     170
     153
     163
     150
     157
     157
     173
     165
     162
     177
     169
     177
     172
     161
     166
     149
     157
     137
     183
     173
     168
     138
     167
     169
     176
     176
     178
     154
     179
     153
     143
     183
     176
     151
     174
     140
     196
     172
     168
     162
     157
     171
     168
     159
     162
     149
     168
     150
     172
     153
     179
     150
     162
     158
     149
     149
     172
     166
     205
     170
     157
     151
     153
     160
     160
     155
     150
     148
     143
     155
     151
     153
     166
     119
     140
     129
     146
     128
     140
     133
     112
     141
     132
     111
     123
     150
     116
     128
     114
      99
     120
     120
      98
     138
     111
     119
     101
      89
      99
     106
      92
      85
      88
      96
      94
      86
      90
      80
      82
      94
      67
      92
      71
      79
      78
      68
      91
      66
      68
      69
      70
      74
      64
      65
      60
      69
      64
      64
      60
      67
      62
      73
      59
      64
      51
      58
      62
      62
      40
      55
      41
      51
      52
      59
      49
      59
      64
      49
      50
      41
      54
      50
      58
      55
      67
      51
      64
      57
      65
      57
      52
      59
      71
      69
      75
      76
      80
      80
      87
      85
      72
      96
      96
     100
      85
      98
     102
     112
     115
     117
     113
     112
     144
     146
     142
     160
     186
     166
     151
     158
     160
     204
     193
     224
     181
     222
     215
     218
     223
     262
     291
     281
     272
     267
     285
     273
     288
     302
     278
     302
     311
     330
     350
     338
     311
     351
     375
     361
     354
     351
     346
     380
     363
     339
     352
     371
     363
     334
     365
     368
     374
     356
     381
     365
     334
     329
     372
     334
     309
     305
     292
     335
     321
     289
     298
     276
     264
     259
     239
     286
     275
     249
     259
     229
     237
     203
     199
     209
     187
     191
     164
     168
     169
     142
     142
     138
     139
     142
     124
     136
     105
     106
     103
     108
      90
     105
      77
      67
      82
      78
      66
      77
      65
      62
      79
      49
      50
      56
      53
      51
      50
      47
      44
      46
      47
      32
      35
      33
      30
      27
      33
      28
      37
      33
      27
      24
      30
      24
      22
      22
      21
      23
      29
      27
      23
      16
      22
      22
      19
      11
      17
      20
      15
      17
      15
      36
      16
      22
      29
      17
      15
       9
      14
      19
      17
      14
      10
      18
      11
      16
      10
      16
      13
      10
      16
      13
       9
      16
      12
      10
      16
      13
      13
      15
      12
       7
      19
      13
      12
      17
      12
      15
      19
      10
      12
       9
      13
      14
      16
      14
      13
      11
      13
      10
      12
      14
       8
       8
       3
       7
      11
       9
       7
       7
       7
      13
       7
       9
       6
       8
       9
      12
      11
      15
      14
      16
      11
      12
      12
       9
       8
      16
      11
       5
       5
       4
       6
       7
       5
       8
       8
       9
       9
       5
       7
      10
       8
       3
       8
      10
       4
       5
       5
       4
      11
       6
       7
       3
       3
       4
      43
      39
      56
      50
      55
      40
      53
      31
      50
      37
      42
      47
      42
      50
      49
      46
      43
      32
      43
      48
      36
      39
      34
      35
$ROI:
0
$PRESETS:
Real Time
180
0
$ENER_FIT:
0.000000 0.000000
$MCA_CAL:
3
0.000000E+000 0.000000E+000 0.000000E+000
$SHAPE_CAL:
3
0.000000E+000 0.000000E+000 0.000000E+000
