$SPEC_ID:
xxx
$SPEC_REM:
DET# 1
DETDESC# MCB 1
AP# Maestro Version 5.30
$DATE_MEA:
01/01/2000 04:07:33
$MEAS_TIM:
265 300
$DATA:
0 1023
       0
       0
       0
       0
       8
     291
     150
      88
      76
      71
      65
      85
      73
      93
      96
      83
      92
      84
      98
     122
     108
     109
      97
     102
     116
     103
     117
     133
     124
     139
     148
     133
     153
     176
     172
     179
     205
     210
     216
     278
     238
     304
     277
     285
     266
     311
     321
     320
     355
     368
     409
     392
     372
     350
     408
     365
     369
     380
     391
     367
     391
     400
     396
     361
     391
     382
     405
     351
     384
     376
     389
     363
     387
     412
     337
     383
     320
     364
     360
     317
     321
     331
     344
     329
     320
     298
     334
     304
     320
     289
     282
     303
     316
     290
     275
     274
     281
     269
     251
     288
     265
     244
     280
     251
     273
     249
     246
     253
     235
     229
     222
     234
     211
     235
     243
     246
     232
     223
     222
     190
     206
     210
     202
     190
     192
     190
     196
     177
     213
     179
     195
     184
     180
     198
     188
     183
     173
     155
     175
     160
     194
     147
     138
     168
     177
     147
     162
     163
     148
     147
     158
     172
     156
     132
     135
     124
     124
     122
     125
     111
     117
     134
     128
     120
     111
      96
      82
     114
     113
     113
     107
     113
      88
      97
     106
     108
     108
      94
      84
      91
      90
     101
      94
      86
      90
      82
      75
     107
      92
      96
      89
      84
      80
      66
      69
      97
      93
      91
      80
      70
      77
      78
      68
      66
      68
     107
      74
      70
      59
      67
      64
      65
      61
      53
      57
      78
      56
      52
      61
      67
      46
      62
      51
      52
      44
      58
      53
      56
      45
      60
      52
      54
      50
      53
      44
      51
      52
      46
      48
      53
      46
      42
      47
      52
      41
      51
      36
      41
      37
      49
      39
      57
      56
      42
      45
      53
      41
      48
      45
      41
      42
      45
      54
      36
      57
      50
      52
      52
      52
      58
      45
      52
      53
      55
      54
      42
      67
      60
      58
      74
      71
      66
      74
      82
      80
      65
      79
      61
     103
      71
     109
      91
      83
      78
      77
      74
      73
      73
      74
      82
      75
      81
      85
      86
      64
      63
      60
      69
      58
      50
      61
      56
      46
      40
      51
      39
      39
      42
      37
      44
      37
      43
      39
      41
      50
      34
      27
      32
      30
      25
      33
      28
      31
      23
      27
      32
      20
      28
      33
      24
      22
      20
      17
      23
      25
      26
      25
      18
      24
      28
      25
      20
      31
      34
      24
      18
      21
      21
      14
      20
      26
      21
      26
      19
      26
      16
      13
      27
      17
      21
      21
      29
      20
      17
      18
      19
      14
      10
      16
      14
      11
      23
      16
      16
      17
      12
      14
      19
      12
      11
      18
      12
      19
       9
      17
      20
      12
       9
      17
      18
      10
      15
      20
      20
      14
      13
      17
      20
      18
      19
      14
      18
      16
      15
      10
      16
       8
      13
      21
      14
      17
      17
      10
      15
      14
      14
      17
      12
      19
      19
      16
      14
      15
      19
      19
      11
      15
      13
      12
      10
      13
      15
      13
      18
       7
      16
      14
      13
      12
      13
      15
      20
      11
      20
      16
      22
      16
       8
      11
      20
      15
      14
      19
      12
      15
      13
      11
      16
      10
       7
       7
      10
      17
      15
      13
      19
       7
      16
      12
      18
      18
      14
      13
      12
      12
      20
      16
      17
      15
      14
       9
      19
      14
      13
      13
      17
      13
      15
      14
      16
      15
       8
       9
       9
      11
       8
      16
      18
      10
      13
      12
      15
      11
      21
      17
      14
      10
       9
      16
      16
      12
      14
      12
      11
      13
       7
      13
      14
      17
      13
      12
      14
      15
      10
      13
      15
      13
      15
      13
      13
      13
      13
      11
       9
      12
      15
       9
      12
      16
       8
      12
      12
      14
       8
      14
      12
      14
       8
      15
      12
      16
      12
      14
      11
      11
      14
      12
      17
      14
      17
      13
       8
       5
       9
       9
      15
       4
       9
       6
      10
       8
      12
       9
       7
       9
      10
      12
      12
       7
      16
       6
      13
      10
      10
      14
       8
       9
      16
       8
       7
       6
      11
       7
      10
       6
       9
       9
       8
       6
       7
      15
      14
       7
       6
       7
       3
       5
      12
       7
       5
       3
       9
       6
       3
       8
       5
       6
      12
       9
       9
       9
       7
       8
      12
       8
       9
       8
      10
       9
       6
      10
       6
       7
      10
      10
       7
       4
       8
       9
       7
       7
      13
      11
       3
      11
      13
      10
      16
       7
       9
      10
       8
       8
       7
       8
      13
       5
       5
      10
       8
       5
       8
      10
       4
      17
       8
      12
       7
       8
       8
       8
      10
       7
      12
      11
      10
      11
      13
      11
       6
      15
       6
      12
      11
       8
      11
      12
       9
      11
      14
      11
      12
      14
       8
      12
      13
       9
      18
      12
      10
      16
      12
      19
      12
      12
      18
       9
      12
      11
       9
       9
      15
      12
      11
      14
      12
       8
      14
       9
       5
       7
      12
       9
       7
       9
       6
      10
      11
      11
       9
       7
       4
       8
      10
       7
       7
       8
       6
       8
       8
       9
       5
       9
       9
       5
       8
       6
       6
       6
       5
       6
       7
       5
       7
       4
       8
       9
       5
       8
       8
       3
       8
      10
       1
       5
       9
       6
       6
       7
       4
       6
       6
       9
       7
       7
       7
       6
       2
       3
       1
       5
       6
       4
       4
       7
       4
       4
      11
       9
      10
       6
       5
       5
       8
       6
       6
       7
       7
       7
       6
       4
       6
      11
       4
       6
       5
       7
       8
      10
       6
       5
       5
       5
       1
       3
      11
       7
       3
       7
       6
       5
       2
       5
       6
       8
       6
       9
       4
       1
       6
       4
       4
       6
       7
       5
       3
       3
       3
       6
       1
       4
       4
       5
       5
       2
       2
       0
       1
       4
       3
       4
       1
       0
       3
       1
       4
       2
       2
       3
       2
       1
       1
       5
       4
       2
       1
       2
       1
       1
       4
       1
       2
       1
       2
       2
       3
       1
       1
       2
       2
       2
       0
       1
       1
       1
       3
       1
       1
       4
       1
       1
       1
       0
       3
       2
       0
       1
       3
       2
       1
       2
       3
       1
       1
       1
       2
       1
       0
       0
       2
       1
       1
       1
       3
       2
       1
       3
       1
       2
       1
       1
       0
       1
       2
       1
       5
       2
       2
       2
       2
       0
       2
       0
       2
       0
       1
       1
       0
       1
       2
       2
       2
       1
       1
       1
       2
       2
       1
       1
       3
       3
       0
       0
       1
       4
       0
       2
       3
       0
       1
       0
       0
       0
       0
       3
       1
       2
       3
       1
       0
       2
       2
       1
       1
       1
       1
       0
       3
       0
       1
       0
       3
       2
       1
       1
       0
       1
       2
       1
       1
      18
      29
      23
      14
      15
      19
      24
      15
      13
      19
      19
      25
      17
      19
      23
      22
      15
      11
      24
      19
      18
      16
      23
      13
$ROI:
0
$PRESETS:
Real Time
300
0
$ENER_FIT:
0.000000 0.000000
$MCA_CAL:
3
0.000000E+000 0.000000E+000 0.000000E+000
$SHAPE_CAL:
3
0.000000E+000 0.000000E+000 0.000000E+000
