$SPEC_ID:
xxx
$SPEC_REM:
DET# 1
DETDESC# MULTICAN MCB 1
AP# Maestro Version 5.30
$DATE_MEA:
01/10/2000 00:43:14
$MEAS_TIM:
71 180
$DATA:
0 1023
       0
       0
       0
       0
   46951
  134552
   51524
   12104
    2470
     905
     765
     738
     706
     744
     733
     814
     725
     789
     794
     792
     823
     835
     782
     809
     816
     791
     802
     873
     846
     847
     842
     885
     834
     836
     837
     847
     870
     876
     894
     883
     924
     939
     963
     895
     948
    1008
     966
     974
     997
    1030
    1053
    1067
    1112
    1098
    1092
    1114
    1155
    1080
    1086
    1155
    1174
    1175
    1152
    1183
    1206
    1227
    1203
    1247
    1232
    1224
    1328
    1265
    1287
    1284
    1346
    1360
    1293
    1353
    1348
    1363
    1380
    1432
    1397
    1353
    1328
    1364
    1396
    1406
    1446
    1424
    1451
    1468
    1428
    1480
    1418
    1436
    1468
    1524
    1519
    1487
    1536
    1402
    1544
    1555
    1598
    1634
    1635
    1612
    1645
    1670
    1637
    1649
    1738
    1718
    1632
    1698
    1799
    1791
    1775
    1825
    1823
    1844
    1847
    1842
    1777
    1771
    1711
    1745
    1743
    1815
    1784
    1683
    1675
    1738
    1665
    1824
    1728
    1742
    1680
    1650
    1638
    1646
    1765
    1619
    1528
    1594
    1576
    1549
    1565
    1423
    1570
    1511
    1562
    1520
    1447
    1553
    1531
    1452
    1460
    1462
    1426
    1345
    1348
    1348
    1348
    1431
    1313
    1301
    1359
    1270
    1268
    1242
    1217
    1197
    1223
    1239
    1263
    1266
    1155
    1253
    1201
    1208
    1194
    1151
    1200
    1133
    1095
    1134
    1117
    1097
    1067
    1127
    1058
    1104
    1076
    1070
    1099
    1039
    1014
    1033
     994
     981
    1023
    1020
     974
     961
     919
     917
     895
     901
     856
     830
     829
     782
     875
     770
     785
     831
     742
     715
     769
     651
     645
     682
     654
     621
     656
     607
     579
     576
     612
     572
     571
     566
     562
     541
     508
     512
     509
     462
     521
     442
     551
     494
     478
     442
     460
     440
     451
     443
     420
     447
     417
     428
     414
     414
     444
     431
     394
     428
     414
     431
     410
     397
     381
     402
     388
     414
     426
     415
     435
     433
     421
     417
     407
     449
     393
     480
     443
     486
     448
     488
     463
     484
     453
     525
     554
     512
     569
     575
     627
     658
     682
     739
     786
     835
     947
     871
     976
    1100
    1143
    1207
    1317
    1403
    1448
    1566
    1712
    1770
    1881
    1902
    2025
    2178
    2270
    2312
    2463
    2542
    2624
    2686
    2860
    2915
    2974
    2979
    3068
    3187
    3175
    3242
    3279
    3275
    3267
    3171
    3321
    3242
    3160
    3147
    2942
    2922
    2952
    2793
    2682
    2607
    2527
    2348
    2284
    2219
    2129
    1998
    1970
    1846
    1679
    1630
    1526
    1423
    1323
    1259
    1183
    1069
     982
     891
     877
     817
     752
     636
     660
     566
     562
     509
     471
     432
     397
     359
     363
     333
     310
     312
     287
     304
     246
     264
     263
     258
     214
     227
     210
     227
     206
     203
     216
     161
     197
     195
     195
     193
     178
     196
     165
     166
     180
     179
     181
     175
     165
     186
     194
     170
     169
     185
     199
     173
     175
     159
     177
     191
     171
     154
     164
     164
     159
     174
     151
     168
     155
     165
     154
     165
     159
     179
     135
     155
     147
     145
     173
     156
     166
     174
     144
     162
     161
     175
     163
     156
     168
     158
     161
     166
     175
     167
     155
     130
     173
     159
     156
     164
     175
     174
     139
     168
     159
     141
     166
     156
     173
     143
     159
     158
     166
     189
     173
     184
     153
     149
     153
     182
     167
     191
     164
     167
     137
     144
     155
     174
     155
     154
     175
     176
     166
     150
     163
     144
     161
     151
     163
     170
     151
     161
     153
     160
     166
     165
     142
     162
     160
     158
     153
     145
     138
     139
     139
     152
     149
     138
     154
     157
     131
     152
     165
     146
     156
     158
     161
     149
     156
     179
     157
     176
     147
     149
     149
     143
     140
     153
     152
     147
     149
     166
     151
     162
     167
     147
     154
     171
     146
     144
     151
     158
     148
     140
     136
     150
     156
     153
     175
     167
     142
     187
     142
     163
     159
     183
     163
     161
     165
     163
     145
     184
     169
     156
     172
     162
     165
     185
     163
     182
     157
     171
     166
     174
     181
     177
     168
     161
     166
     163
     158
     178
     159
     177
     194
     182
     167
     174
     134
     165
     181
     168
     185
     168
     172
     176
     167
     178
     206
     170
     198
     188
     182
     182
     190
     166
     199
     158
     159
     176
     171
     162
     175
     180
     169
     155
     187
     191
     169
     175
     164
     182
     151
     187
     144
     183
     174
     160
     132
     164
     150
     150
     144
     165
     135
     144
     152
     157
     148
     158
     143
     138
     130
     140
     141
     146
     134
     138
     135
     141
     148
     138
     131
     113
     116
     137
     127
     101
     119
     112
     124
     128
     116
     115
     102
      96
      96
     109
      96
     111
      84
      99
      91
      84
      90
      96
      82
      76
      98
      78
      72
      76
      70
      82
      62
      61
      58
      64
      71
      62
      58
      65
      68
      61
      60
      64
      63
      57
      49
      63
      50
      63
      58
      60
      62
      51
      54
      57
      48
      52
      61
      53
      64
      64
      49
      56
      56
      44
      51
      46
      52
      61
      56
      67
      67
      50
      63
      64
      56
      65
      77
      67
      77
      77
      84
      88
      97
     106
      83
      84
     103
     112
      98
     115
     109
     119
     110
     140
     115
     127
     141
     140
     165
     157
     159
     188
     192
     189
     208
     192
     225
     219
     199
     255
     245
     277
     276
     250
     296
     255
     275
     311
     309
     305
     315
     317
     334
     306
     342
     327
     332
     381
     393
     354
     376
     409
     346
     356
     402
     385
     371
     385
     394
     383
     384
     333
     400
     391
     410
     365
     392
     364
     340
     374
     362
     351
     327
     306
     302
     345
     310
     314
     322
     301
     273
     293
     246
     273
     272
     257
     244
     246
     220
     197
     223
     190
     188
     226
     191
     175
     149
     152
     170
     147
     152
     127
     134
     146
     115
     118
      91
     113
     100
     109
      77
      91
      79
      73
      73
      72
      66
      67
      72
      61
      59
      60
      56
      41
      41
      49
      52
      46
      44
      51
      57
      34
      34
      28
      35
      36
      25
      33
      36
      41
      31
      25
      19
      44
      32
      25
      23
      20
      17
      29
      21
      11
      20
      25
      23
      19
      28
      20
      14
      13
      15
      26
      18
      20
      15
      10
      21
      12
      21
      17
      18
      16
      13
      15
      10
      16
      14
      19
      14
      25
      13
      15
      10
      18
      16
      14
      15
       9
      12
       8
      16
      18
      12
      10
      14
      14
      11
       6
       9
       9
      16
      12
      19
      12
      14
      15
       7
      14
      17
      11
      13
      11
      14
       9
       8
      10
      10
      14
      16
      13
      15
       9
       8
      13
       8
       7
      10
      10
       8
       7
       6
      13
      12
       7
      10
       7
       9
       8
       6
      11
      12
      12
       5
       2
      12
       4
      10
      13
      10
       6
       5
       6
      12
       3
      11
       8
      13
       9
       5
       9
      10
       8
       6
       5
      47
      43
      62
      45
      58
      42
      50
      39
      58
      43
      54
      42
      40
      48
      48
      37
      45
      35
      50
      38
      50
      54
      48
      46
$ROI:
0
$PRESETS:
Real Time
180
0
$ENER_FIT:
0.000000 0.000000
$MCA_CAL:
3
0.000000E+000 0.000000E+000 0.000000E+000
$SHAPE_CAL:
3
0.000000E+000 0.000000E+000 0.000000E+000
