$SPEC_ID:
xxx
$SPEC_REM:
DET# 1
DETDESC# MULTICAN MCB 1
AP# Maestro Version 5.30
$DATE_MEA:
01/10/2000 00:37:21
$MEAS_TIM:
74 180
$DATA:
0 1023
       0
       0
       0
       0
   49930
  135760
   50317
   11398
    2245
     897
     722
     690
     735
     732
     720
     694
     733
     746
     784
     777
     734
     789
     768
     810
     771
     769
     820
     811
     822
     852
     798
     799
     823
     815
     832
     850
     915
     876
     848
     873
     890
     936
     941
     942
     980
     941
     995
     979
     971
    1036
    1009
    1058
    1076
    1059
    1113
    1057
    1116
    1140
    1147
    1136
    1138
    1166
    1186
    1204
    1189
    1182
    1281
    1202
    1229
    1309
    1248
    1360
    1310
    1319
    1343
    1357
    1283
    1325
    1389
    1442
    1387
    1462
    1360
    1417
    1380
    1439
    1412
    1409
    1397
    1456
    1442
    1468
    1453
    1459
    1426
    1463
    1491
    1472
    1503
    1522
    1507
    1546
    1567
    1461
    1620
    1630
    1614
    1692
    1650
    1703
    1652
    1707
    1748
    1718
    1774
    1779
    1756
    1773
    1836
    1861
    1742
    1798
    1849
    1801
    1783
    1705
    1826
    1827
    1821
    1780
    1656
    1726
    1770
    1682
    1739
    1711
    1666
    1663
    1661
    1597
    1648
    1599
    1651
    1621
    1499
    1588
    1566
    1553
    1501
    1514
    1509
    1478
    1395
    1476
    1391
    1460
    1403
    1434
    1402
    1386
    1382
    1338
    1334
    1365
    1392
    1335
    1324
    1303
    1295
    1304
    1282
    1290
    1301
    1195
    1240
    1192
    1148
    1215
    1233
    1216
    1119
    1193
    1157
    1142
    1161
    1134
    1098
    1175
    1120
    1099
    1073
    1089
    1097
    1079
    1056
    1070
    1031
    1041
     972
     983
    1060
    1035
     976
     991
     974
     939
     934
     916
     899
     835
     865
     826
     818
     784
     804
     836
     764
     798
     763
     774
     673
     742
     719
     706
     652
     654
     633
     648
     634
     637
     589
     589
     632
     539
     586
     570
     601
     536
     503
     530
     490
     513
     545
     543
     541
     496
     477
     530
     503
     488
     496
     502
     462
     439
     457
     477
     516
     479
     479
     449
     454
     432
     451
     476
     454
     464
     478
     464
     501
     466
     481
     442
     479
     475
     485
     485
     490
     553
     476
     528
     490
     512
     522
     545
     602
     562
     586
     649
     629
     671
     697
     678
     717
     850
     808
     833
     935
     923
    1013
    1118
    1121
    1289
    1349
    1388
    1450
    1514
    1669
    1739
    1847
    1928
    2036
    2091
    2183
    2286
    2441
    2445
    2523
    2708
    2779
    2882
    2823
    2810
    3008
    3040
    3062
    2989
    2962
    3009
    3046
    3053
    2866
    3025
    2934
    2890
    2810
    2831
    2686
    2448
    2502
    2403
    2390
    2245
    2137
    1968
    1955
    1769
    1763
    1612
    1540
    1383
    1389
    1287
    1199
    1099
    1019
     990
     885
     802
     780
     704
     651
     588
     551
     570
     521
     415
     407
     385
     402
     375
     332
     337
     300
     296
     288
     276
     244
     265
     244
     230
     238
     237
     241
     236
     212
     187
     195
     217
     192
     165
     193
     212
     189
     196
     183
     209
     169
     186
     179
     192
     181
     154
     175
     155
     177
     164
     163
     166
     179
     149
     174
     157
     160
     154
     184
     190
     169
     180
     175
     174
     163
     158
     130
     171
     188
     156
     137
     175
     180
     174
     173
     162
     147
     190
     150
     151
     144
     168
     146
     166
     160
     174
     155
     164
     195
     165
     167
     159
     165
     172
     162
     165
     147
     157
     155
     185
     162
     180
     182
     163
     164
     158
     158
     159
     135
     193
     166
     142
     132
     163
     148
     155
     148
     149
     163
     151
     157
     164
     146
     152
     147
     159
     154
     162
     169
     158
     164
     154
     158
     163
     160
     171
     186
     154
     158
     169
     156
     149
     158
     152
     168
     143
     161
     174
     141
     175
     151
     143
     175
     154
     146
     154
     158
     139
     156
     156
     162
     166
     159
     152
     159
     174
     167
     157
     137
     167
     159
     152
     171
     179
     145
     141
     149
     145
     142
     146
     157
     167
     140
     157
     142
     153
     142
     163
     158
     144
     162
     173
     177
     154
     162
     174
     150
     147
     161
     150
     149
     160
     157
     154
     165
     141
     141
     147
     165
     193
     157
     174
     145
     156
     163
     179
     169
     145
     159
     169
     165
     165
     173
     157
     161
     167
     164
     154
     153
     154
     170
     152
     174
     159
     199
     140
     174
     180
     174
     171
     173
     167
     181
     178
     177
     167
     166
     160
     159
     166
     200
     150
     176
     148
     155
     180
     191
     183
     161
     163
     186
     174
     147
     174
     169
     147
     167
     141
     169
     170
     159
     164
     168
     164
     172
     147
     152
     159
     161
     159
     159
     151
     149
     154
     165
     155
     159
     171
     145
     156
     143
     105
     144
     139
     146
     120
     123
     121
     133
     120
     122
     138
     141
     119
     117
     109
     111
     111
     113
     108
     105
      93
     110
      98
      82
     101
      98
     100
      97
      71
      70
      92
      78
      82
      78
      84
      85
      66
      85
      64
      65
      72
      60
      78
      62
      75
      49
      65
      55
      72
      58
      65
      61
      69
      65
      69
      72
      59
      55
      54
      46
      62
      66
      55
      57
      63
      59
      59
      62
      52
      59
      39
      49
      50
      49
      47
      39
      58
      53
      59
      81
      56
      59
      86
      58
      72
      94
      82
      79
      76
      89
      92
      83
      98
      88
      85
     101
      97
     106
     115
     123
      98
     114
     148
     144
     136
     140
     169
     150
     167
     158
     169
     186
     202
     180
     187
     219
     203
     215
     216
     199
     236
     282
     250
     254
     243
     256
     297
     329
     307
     323
     300
     312
     337
     328
     343
     323
     383
     348
     362
     355
     366
     331
     373
     353
     382
     342
     381
     339
     350
     370
     399
     362
     392
     328
     363
     363
     341
     318
     331
     354
     347
     333
     314
     309
     304
     307
     263
     284
     260
     252
     288
     278
     245
     256
     242
     227
     215
     211
     201
     197
     207
     179
     169
     163
     170
     157
     157
     158
     127
     121
     126
     122
     131
     109
     107
      98
      92
      97
      90
      92
      87
      61
      80
      73
      64
      60
      54
      53
      45
      47
      53
      42
      45
      43
      48
      42
      39
      43
      29
      33
      31
      29
      22
      27
      37
      27
      27
      32
      36
      29
      15
      22
      26
      28
      23
      17
      29
      25
      25
      21
      30
      24
      22
      24
      18
      25
      18
      22
      16
      20
      16
      15
      22
      19
      19
      23
      13
      16
      14
      16
      22
      13
      18
      15
      16
      14
      15
      13
      17
      18
      12
      13
      13
      14
      21
      10
       9
      17
      16
      11
      12
      14
       9
      12
      12
      15
      15
       9
       9
      14
      17
      17
      24
      11
      17
      13
      16
      14
       5
       6
      12
       8
       7
      16
       6
      12
       3
       8
      14
       9
      11
      11
       6
      15
      10
      13
       3
       7
      10
      12
       3
      10
       9
       7
      10
       6
       7
      12
       5
       4
      14
      10
      10
       9
       8
       6
       6
       4
       5
       7
       6
       8
       9
       4
       6
       7
      10
      10
       5
       5
       6
       5
       4
      55
      46
      45
      37
      36
      39
      62
      56
      38
      34
      57
      55
      58
      40
      52
      37
      47
      48
      49
      48
      40
      45
      37
      33
$ROI:
0
$PRESETS:
Real Time
180
0
$ENER_FIT:
0.000000 0.000000
$MCA_CAL:
3
0.000000E+000 0.000000E+000 0.000000E+000
$SHAPE_CAL:
3
0.000000E+000 0.000000E+000 0.000000E+000
