$SPEC_ID:
xxx
$SPEC_REM:
DET# 1
DETDESC# MCB 1
AP# Maestro Version 5.30
$DATE_MEA:
01/01/2000 03:52:29
$MEAS_TIM:
265 300
$DATA:
0 1023
       0
       0
       0
       0
       9
     274
     123
      85
      88
      68
      82
      83
      77
      75
      73
      84
      94
      86
     102
      99
     110
     104
     112
     135
     109
     113
     124
     111
     140
     132
     138
     160
     150
     186
     223
     192
     226
     217
     235
     222
     256
     275
     286
     305
     317
     349
     305
     395
     354
     364
     365
     407
     401
     388
     396
     402
     408
     405
     392
     408
     424
     396
     423
     389
     381
     414
     406
     398
     434
     363
     368
     364
     341
     388
     376
     370
     347
     371
     339
     356
     373
     343
     365
     336
     330
     323
     322
     330
     311
     299
     301
     328
     291
     288
     296
     310
     265
     279
     273
     279
     283
     289
     256
     278
     283
     245
     270
     294
     246
     277
     254
     245
     229
     265
     231
     220
     197
     245
     206
     206
     218
     204
     184
     209
     223
     214
     207
     220
     204
     193
     238
     202
     206
     198
     187
     171
     184
     202
     202
     154
     169
     157
     174
     161
     166
     150
     150
     163
     169
     124
     134
     156
     127
     142
     140
     170
     148
     121
     122
     119
     153
     116
     127
     122
     121
     139
     127
     120
     110
     118
     109
     113
     104
      92
     120
      96
      96
      96
      85
     104
      84
     100
      85
      97
      88
      93
     100
      80
     102
      96
      95
      76
      82
      77
      94
      82
      83
      89
      85
      68
      83
      76
      64
      88
      68
      72
      87
      83
      75
      56
      65
      69
      47
      54
      61
      73
      56
      65
      59
      57
      71
      46
      63
      52
      48
      41
      59
      54
      53
      58
      60
      38
      52
      44
      51
      45
      43
      50
      53
      50
      62
      55
      53
      36
      45
      38
      57
      37
      54
      45
      42
      51
      47
      41
      56
      38
      43
      43
      38
      46
      48
      56
      54
      40
      50
      55
      58
      58
      54
      53
      87
      50
      65
      63
      60
      61
      71
      94
      71
      79
      79
      91
      84
      95
      91
     109
      89
     119
      93
     113
     105
     108
     122
     132
     119
     111
      95
     119
     100
     108
      95
      80
      92
     104
      74
      90
      88
      84
      76
      70
      69
      71
      56
      58
      56
      59
      52
      48
      39
      46
      57
      49
      33
      48
      38
      34
      48
      23
      38
      30
      32
      44
      32
      32
      27
      39
      35
      33
      30
      30
      32
      24
      26
      25
      24
      28
      20
      23
      23
      21
      24
      25
      30
      28
      19
      21
      17
      18
      24
      34
      22
      23
      16
      29
      29
      16
      16
      16
      22
      26
      24
      18
      19
      16
      13
      11
      22
      17
      16
      17
      23
      22
      15
      15
      19
      17
      11
      11
      15
      10
      19
      12
      16
      13
      12
      11
      20
      19
      13
      19
      22
      23
      17
      22
      19
      22
      14
      14
      16
      22
      17
      12
      16
      14
      12
      11
       9
       9
      14
      16
      18
      16
      13
      15
      21
      21
      14
      16
      13
      10
      20
      15
      15
      16
      20
      16
      21
      14
      17
      19
      12
      19
      12
       9
      19
      18
      12
      11
      21
      17
      12
       9
       6
      10
      11
      10
      10
      20
      17
      10
      19
      20
      14
      13
       8
      17
      12
      11
       8
      18
       5
      11
      12
      15
      11
      10
      16
      16
      15
      20
      21
      28
      15
      13
      14
      14
      18
      12
      16
      15
      14
       8
      12
      14
      12
      14
      11
      13
      11
      15
      18
       8
      16
      16
      14
      15
      12
      17
      20
      12
      10
      19
      20
      11
       9
      16
      15
      19
      10
      15
      10
      15
      16
       9
       8
      10
      13
      11
      15
      11
      16
      17
      17
      10
       9
      16
      15
      12
      13
      13
      11
      14
      13
      16
      21
      16
      14
      10
      15
      12
      12
      12
       7
      14
       9
      21
      11
      14
      13
       8
      11
       6
       8
      13
       5
       9
      15
      13
      11
       5
       9
       9
      11
       6
       9
       5
      12
      14
      11
      10
      11
       7
       7
      11
       9
      12
      11
       9
       9
      15
      11
      11
       7
       7
       9
      13
      16
       5
       5
      12
      11
      12
      11
      24
       8
       9
      13
      15
       4
      10
       5
       5
       5
      13
       5
      13
      15
      13
       9
       8
       7
      12
       8
       4
       5
      16
       4
      10
       9
       3
       9
       5
       8
      10
       7
       2
       5
      11
       7
      12
       7
      10
       6
       8
       7
       6
       7
       6
      11
      11
       9
       7
      10
       6
       9
       9
       5
       6
       9
       8
       8
       7
      14
       3
      12
       7
      10
       7
       7
       8
      11
       7
      13
      10
      12
       9
      10
      11
      15
       7
      14
       9
      10
       5
       9
      10
      11
      13
       7
      10
      12
      13
      14
       8
      16
      14
      12
      11
       7
      18
      13
      11
      16
      13
      10
      16
      15
      21
      15
      21
      17
      18
      12
      14
      15
      20
      17
      13
      12
      12
      14
      15
      10
      19
      14
       7
      10
      16
      10
       5
      13
       8
       7
      10
      13
       5
      11
      16
       7
      13
      13
      13
      13
       9
      10
      10
      11
       4
       9
       4
       3
       7
       4
       9
       3
       9
       5
       6
       3
       6
       6
       4
       8
       9
       4
       5
      10
       8
       6
       5
       1
       7
       4
       5
       6
       4
       6
       7
       2
       6
       1
       5
       5
       3
       5
       5
       7
       4
       8
       6
       6
       4
      10
       7
      12
       6
       6
       6
       8
       4
       9
      11
       6
       7
       5
       7
       4
       7
       7
       5
       9
       9
       6
       5
       8
       7
       8
       7
       3
      11
       6
       3
       8
       5
       4
       5
       8
       5
       8
       4
      11
       7
       3
       3
       6
       5
       4
       8
       6
       6
       6
       4
       5
       3
       2
       2
       6
       2
       3
       5
       4
       0
       6
       3
       5
       4
       2
       2
       2
       1
       1
       1
       2
       3
       2
       1
       2
       2
       2
       2
       3
       0
       2
       1
       3
       4
       1
       2
       1
       1
       2
       0
       4
       2
       1
       1
       3
       1
       3
       0
       3
       0
       1
       2
       2
       1
       1
       2
       1
       0
       3
       2
       2
       3
       2
       0
       1
       0
       4
       0
       2
       2
       1
       1
       0
       2
       3
       0
       2
       1
       1
       1
       2
       1
       2
       2
       2
       0
       1
       2
       1
       4
       1
       0
       4
       1
       0
       1
       1
       2
       5
       2
       0
       1
       0
       1
       1
       1
       1
       0
       1
       0
       2
       0
       1
       4
       0
       0
       0
       0
       2
       0
       1
       2
       3
       2
       3
       0
       1
       2
       1
       2
       0
       2
       3
       2
       0
       1
       2
       2
       0
       0
       1
       1
       1
       3
       0
       2
       1
       0
       4
       4
       0
       1
       2
       2
       1
       1
       0
       1
      22
      23
      14
      20
      17
      28
      25
      26
      22
      18
      19
      27
      25
      19
      14
      24
      19
      17
      21
      23
      18
      22
      20
      15
$ROI:
0
$PRESETS:
Real Time
300
0
$ENER_FIT:
0.000000 0.000000
$MCA_CAL:
3
0.000000E+000 0.000000E+000 0.000000E+000
$SHAPE_CAL:
3
0.000000E+000 0.000000E+000 0.000000E+000
