$SPEC_ID:
xxx
$SPEC_REM:
DET# 1
DETDESC# MCB 1
AP# Maestro Version 5.30
$DATE_MEA:
01/01/2000 03:46:24
$MEAS_TIM:
264 300
$DATA:
0 1023
       0
       0
       0
       0
       5
     304
     129
      86
      83
      71
      65
      87
      81
      83
      72
      97
      97
      99
     111
     106
     101
     115
     112
     107
     112
     123
     126
     133
     133
     132
     160
     152
     173
     185
     181
     192
     230
     237
     212
     255
     233
     307
     298
     304
     318
     342
     338
     353
     407
     382
     375
     355
     421
     423
     401
     411
     430
     387
     392
     373
     428
     384
     398
     397
     414
     413
     418
     383
     360
     435
     387
     366
     405
     412
     363
     383
     328
     373
     372
     316
     343
     333
     346
     347
     346
     332
     313
     324
     336
     291
     330
     321
     300
     318
     278
     295
     282
     276
     285
     280
     268
     294
     297
     293
     261
     283
     250
     242
     259
     277
     232
     242
     275
     252
     224
     236
     220
     230
     216
     223
     216
     196
     214
     213
     198
     232
     204
     228
     193
     216
     213
     169
     176
     165
     176
     195
     185
     168
     162
     172
     176
     168
     161
     193
     173
     126
     169
     135
     163
     153
     150
     141
     140
     147
     146
     139
     161
     128
     126
     122
     146
     117
     123
     125
     119
     133
     129
     119
     128
      94
     128
     102
      84
     130
     120
      94
      92
     103
     106
     118
      86
     110
      99
      88
      86
      90
      76
      84
     111
      78
      87
      67
      74
      86
      75
      97
      80
      85
      84
      66
      71
      69
      64
      72
      78
      70
      73
      66
      59
      59
      59
      74
      61
      79
      65
      58
      49
      42
      57
      67
      58
      43
      55
      57
      52
      58
      60
      62
      49
      51
      51
      70
      48
      44
      55
      57
      45
      37
      43
      40
      40
      42
      46
      43
      47
      43
      46
      49
      54
      54
      39
      41
      37
      40
      43
      29
      47
      37
      40
      55
      44
      48
      48
      43
      58
      58
      66
      47
      58
      54
      60
      54
      71
      69
      59
      87
      75
      91
      74
      86
      89
      97
      95
     107
      92
      88
      96
     107
     101
     106
     133
     110
     119
     112
     104
     114
     112
     114
     103
     100
      89
     108
      97
     115
     109
      85
      83
      87
     100
      68
      80
      72
      87
      69
      59
      70
      56
      46
      71
      38
      57
      45
      33
      39
      46
      45
      30
      38
      36
      35
      28
      32
      23
      46
      33
      30
      38
      30
      26
      27
      24
      26
      26
      29
      19
      26
      27
      27
      30
      34
      23
      23
      26
      17
      25
      23
      18
      22
      22
      18
      24
      15
      14
      22
      29
      28
      17
      18
      24
      20
      23
      19
      17
      26
      24
      19
      20
      19
      13
      20
      21
      20
      16
      14
      23
      18
      19
      15
      18
      11
      16
      13
      14
      24
      15
      22
      19
      19
      18
      18
      14
      14
      22
      21
      14
      15
      13
      19
      17
      12
      16
      21
      11
      14
      12
      20
      16
      12
      12
      13
      18
      13
      17
      13
      17
      17
       9
      16
       8
      18
      14
      22
       3
      15
      11
       9
      14
       7
      18
      15
      17
      12
      21
      16
      10
      13
      13
      10
      21
      14
      13
      15
      14
      17
      14
      13
      15
      15
      15
      14
      14
      12
      10
      12
       7
      12
      23
      13
      15
      11
      17
      15
      21
      16
      15
      12
      19
      21
      16
      19
      13
      16
      11
      17
      16
      10
      13
      12
      13
      14
      14
      16
      16
      20
      13
      13
      17
      11
      16
      14
      13
       9
      10
      20
      24
      11
      13
      10
      14
      12
      13
      15
      14
      12
      13
      13
      13
      12
      19
      14
      19
      12
      13
       9
      14
      16
      18
      13
      17
      16
      10
      17
      16
      16
      12
      11
      14
      13
      13
      11
      11
       9
      10
       5
      13
      15
      12
       8
       9
      15
      12
      11
      17
       8
      12
      14
       9
       9
      12
      11
      13
      13
      11
      14
      13
      14
       9
      14
      14
      11
      11
       8
       6
      13
      12
      13
       7
       4
      12
      11
       6
      11
      14
      12
      12
      11
      12
       5
       6
      10
      10
      12
       8
      12
      14
       9
       7
       8
      10
      11
       8
      16
       9
       9
       9
       9
       5
       7
      10
       8
       8
       8
      13
       6
       6
       6
      11
      10
      12
       6
       6
       5
      11
      12
       4
      15
       3
      10
      13
       8
      10
      11
      13
       8
       5
      11
      11
      10
      13
       7
       9
      15
      12
       6
      10
       3
      10
       6
       8
      16
       8
       6
       6
      14
      10
      10
       8
      16
      10
       6
      10
       7
      12
       6
      11
       7
      13
      19
      12
       5
       9
       9
       9
       8
       4
       8
      12
       9
       5
      16
       9
       4
      10
      13
       6
       8
      11
      13
      13
      13
       8
      10
       8
      15
      15
      14
      11
      13
      13
      14
      19
       9
      15
      19
      14
      13
      14
      14
      12
      16
      19
      10
      18
      14
      20
      11
      19
      17
      14
      23
      11
      15
      14
      17
      12
      13
      16
      10
      11
      10
      11
       5
       8
      13
       7
       9
       5
      11
      10
      16
       4
      15
      12
       4
       9
       7
      19
      16
       8
      16
      10
       8
      13
       7
       5
       8
      10
      10
       9
       8
       7
       5
       8
       9
       3
       0
       2
       4
       7
       9
       5
       4
       7
       5
       3
       4
       3
       5
       7
       8
       2
       7
       3
       4
       6
       7
       3
       6
       5
       4
       3
       5
       9
       8
       4
       5
      16
       6
       8
       9
       3
       7
       7
       8
       9
      11
       7
       6
       5
       6
       9
       7
       8
       5
       7
       5
       4
       9
       5
       9
       6
       4
       9
      10
      12
       6
       5
       7
       6
       3
       7
       5
       3
       1
      13
       9
      11
       6
       9
       6
       6
       2
       3
       4
       4
       3
       2
       5
       2
       4
       2
       5
       1
       2
       3
       6
       5
       2
       6
       2
       3
       1
       1
       2
       3
       4
       2
       2
       4
       2
       2
       2
       2
       2
       3
       6
       2
       1
       2
       2
       1
       2
       2
       1
       4
       0
       1
       2
       1
       1
       0
       0
       1
       3
       2
       0
       1
       1
       3
       4
       1
       3
       4
       2
       1
       3
       1
       3
       3
       1
       2
       1
       1
       1
       0
       2
       2
       3
       0
       2
       1
       0
       0
       1
       1
       2
       1
       1
       0
       0
       0
       1
       1
       0
       3
       2
       0
       1
       0
       2
       0
       2
       1
       3
       1
       1
       2
       2
       0
       2
       2
       3
       0
       0
       2
       0
       0
       2
       3
       2
       1
       2
       0
       2
       0
       1
       1
       1
       2
       0
       2
       1
       2
       0
       0
       1
       1
       0
       0
       2
       0
       2
       0
       2
       0
       0
       1
       2
       2
       1
       1
       1
       0
       1
       3
       2
       2
       2
       1
       0
      27
      20
      19
      16
      18
      19
      23
      21
      22
      18
      20
      17
      21
      18
      23
      14
      21
      17
      20
      26
      17
      22
      18
      16
$ROI:
0
$PRESETS:
Real Time
300
0
$ENER_FIT:
0.000000 0.000000
$MCA_CAL:
3
0.000000E+000 0.000000E+000 0.000000E+000
$SHAPE_CAL:
3
0.000000E+000 0.000000E+000 0.000000E+000
