$SPEC_ID:
xxx
$SPEC_REM:
DET# 1
DETDESC# MULTICAN MCB 1
AP# Maestro Version 5.30
$DATE_MEA:
01/10/2000 00:14:34
$MEAS_TIM:
60 180
$DATA:
0 1023
       0
       0
       0
       0
   43787
  121110
   49581
   12535
    2675
     969
     673
     601
     657
     657
     691
     654
     714
     728
     692
     735
     706
     753
     727
     728
     731
     732
     744
     739
     787
     769
     783
     719
     783
     797
     789
     755
     817
     817
     744
     840
     798
     843
     824
     845
     868
     883
     877
     867
     919
     895
     879
     976
     889
     934
     948
    1005
     979
    1013
     948
    1000
    1033
    1013
    1074
    1024
    1033
    1057
    1041
    1095
    1116
    1101
    1097
    1046
    1067
    1126
    1154
    1134
    1114
    1141
    1163
    1192
    1105
    1237
    1224
    1188
    1228
    1195
    1254
    1247
    1249
    1259
    1247
    1234
    1293
    1266
    1261
    1271
    1246
    1204
    1307
    1225
    1253
    1290
    1335
    1263
    1283
    1310
    1449
    1387
    1358
    1466
    1416
    1447
    1437
    1435
    1419
    1508
    1492
    1545
    1566
    1684
    1582
    1498
    1593
    1602
    1555
    1602
    1586
    1580
    1556
    1622
    1541
    1607
    1593
    1534
    1620
    1590
    1580
    1559
    1553
    1450
    1545
    1488
    1451
    1539
    1449
    1447
    1423
    1513
    1355
    1450
    1492
    1389
    1399
    1406
    1376
    1389
    1320
    1390
    1332
    1278
    1231
    1281
    1236
    1249
    1203
    1240
    1249
    1239
    1229
    1224
    1190
    1145
    1130
    1151
    1143
    1090
    1141
    1072
    1050
    1060
    1074
    1084
    1103
    1082
    1055
    1061
    1044
    1032
    1041
    1049
     976
     992
     983
    1060
     961
    1025
     971
     930
     919
     974
     975
     948
     909
     906
     960
     917
     903
     911
     932
     878
     838
     829
     830
     831
     760
     780
     787
     769
     745
     742
     666
     696
     667
     616
     658
     636
     625
     579
     575
     550
     570
     547
     509
     518
     534
     483
     483
     505
     500
     478
     464
     433
     429
     415
     454
     428
     384
     426
     408
     419
     438
     369
     378
     399
     356
     388
     356
     400
     355
     321
     377
     372
     411
     327
     312
     344
     322
     352
     348
     385
     379
     359
     339
     322
     308
     361
     345
     332
     362
     340
     346
     355
     358
     328
     368
     359
     350
     387
     380
     377
     419
     434
     423
     441
     464
     501
     501
     566
     567
     600
     635
     693
     697
     805
     823
     883
     960
     992
    1133
    1114
    1205
    1291
    1318
    1425
    1582
    1623
    1734
    1863
    2025
    2078
    2155
    2166
    2252
    2435
    2393
    2563
    2729
    2673
    2727
    2745
    2935
    2935
    2974
    3059
    2960
    3001
    2990
    2958
    3022
    2982
    2856
    2786
    2853
    2779
    2704
    2675
    2595
    2406
    2406
    2356
    2226
    2073
    1986
    1900
    1796
    1642
    1605
    1611
    1491
    1375
    1245
    1180
    1044
    1005
     928
     909
     817
     760
     725
     666
     662
     600
     533
     515
     461
     435
     399
     377
     374
     306
     296
     305
     273
     284
     258
     243
     224
     228
     234
     197
     191
     192
     165
     215
     178
     174
     204
     180
     181
     178
     171
     146
     171
     161
     146
     154
     139
     161
     172
     182
     163
     157
     160
     161
     137
     141
     138
     178
     148
     133
     156
     165
     143
     159
     148
     155
     132
     150
     140
     146
     136
     155
     136
     153
     130
     146
     128
     155
     125
     158
     161
     137
     146
     114
     143
     140
     138
     138
     131
     153
     155
     158
     141
     134
     131
     146
     141
     159
     135
     153
     126
     130
     115
     135
     132
     141
     145
     142
     129
     122
     142
     136
     118
     153
     147
     144
     135
     137
     117
     129
     153
     149
     143
     123
     147
     125
     133
     150
     135
     129
     131
     120
     140
     113
     128
     147
     141
     121
     148
     128
     131
     156
     134
     148
     153
     107
     132
     118
     128
     125
     159
     148
     132
     137
     145
     151
     120
     155
     119
     151
     122
     115
     120
     139
     135
     122
     137
     131
     145
     133
     135
     152
     128
     126
     135
     143
     133
     162
     125
     130
     133
     144
     116
     137
     129
     136
     131
     125
     102
     124
     124
     128
     142
     131
     121
     118
     134
     129
     114
     116
     153
     156
     128
     135
     122
     145
     137
     132
     149
     117
     109
     141
     145
     145
     126
     148
     138
     137
     136
     126
     147
     150
     147
     131
     117
     135
     138
     151
     132
     144
     140
     159
     128
     162
     126
     155
     153
     155
     142
     146
     143
     145
     143
     151
     148
     135
     162
     137
     142
     160
     160
     125
     144
     159
     149
     119
     162
     154
     137
     140
     146
     143
     161
     167
     150
     141
     163
     129
     166
     151
     126
     144
     171
     150
     149
     153
     140
     127
     171
     144
     144
     131
     151
     143
     156
     126
     130
     149
     137
     138
     137
     129
     126
     153
     129
     121
     122
     130
     117
     130
     109
     143
     102
     125
     121
     152
     103
     133
     115
     100
     110
     105
     108
     109
     113
     111
     103
      91
      99
     103
      97
     102
      77
      97
      70
      87
      76
      81
      77
      80
      65
      61
      80
      58
      77
      75
      73
      55
      78
      67
      74
      55
      60
      67
      55
      63
      43
      50
      55
      64
      56
      50
      44
      67
      48
      50
      48
      54
      56
      60
      51
      42
      42
      50
      38
      49
      59
      48
      46
      40
      41
      44
      55
      46
      39
      49
      52
      41
      41
      47
      47
      50
      51
      48
      55
      66
      58
      58
      41
      63
      54
      63
      63
      59
      70
      73
      68
      81
      73
      72
      84
      82
      79
     102
     107
     101
     100
     111
     126
     131
     123
     128
     112
     109
     134
     137
     145
     140
     154
     171
     166
     161
     182
     221
     189
     192
     209
     204
     226
     212
     252
     251
     256
     251
     290
     306
     271
     255
     278
     275
     281
     302
     319
     291
     320
     290
     331
     325
     326
     316
     330
     357
     324
     313
     351
     328
     325
     312
     316
     342
     317
     356
     294
     306
     282
     313
     315
     277
     282
     319
     291
     239
     272
     276
     261
     270
     254
     233
     237
     212
     218
     196
     207
     200
     208
     182
     210
     174
     160
     163
     176
     150
     138
     161
     129
     162
     141
     132
     133
     108
     124
     102
      92
     104
      87
      77
      91
      80
      75
     105
      61
      55
      47
      62
      59
      51
      59
      46
      51
      49
      48
      46
      41
      48
      30
      32
      22
      49
      27
      39
      36
      29
      27
      33
      24
      21
      27
      20
      24
      29
      24
      22
      21
      21
      15
      20
      25
      24
      18
      20
      24
      19
      23
      13
      20
      25
      14
      31
      14
      22
      20
      25
      18
      21
      20
      11
      11
      22
      11
      15
      23
      20
      19
      23
      15
      14
      25
      17
      17
      18
      13
      17
      14
      13
      14
      12
      16
      11
      12
      20
      13
      18
      13
      12
      12
      14
       9
       8
      15
      22
      18
      15
      18
      12
      12
      14
      17
      12
      12
       5
       4
       3
       7
      13
      14
      15
      13
      15
      11
      12
      12
       7
       4
       6
      10
       9
       6
      15
      14
      11
      10
       6
       3
       6
       7
       8
       7
       7
      10
       7
      51
      68
      57
      50
      65
      66
      60
      74
      61
      59
      51
      53
      54
      48
      56
      46
      56
      67
      53
      51
      56
      44
      47
      30
$ROI:
0
$PRESETS:
Real Time
180
0
$ENER_FIT:
0.000000 0.000000
$MCA_CAL:
3
0.000000E+000 0.000000E+000 0.000000E+000
$SHAPE_CAL:
3
0.000000E+000 0.000000E+000 0.000000E+000
