$SPEC_ID:
xxx
$SPEC_REM:
DET# 1
DETDESC# MULTICAN MCB 1
AP# Maestro Version 5.30
$DATE_MEA:
01/10/2000 00:21:23
$MEAS_TIM:
71 180
$DATA:
0 1023
       0
       0
       0
       0
   50751
  137171
   53267
   12832
    2616
    1008
     729
     725
     726
     731
     730
     769
     713
     752
     812
     765
     783
     799
     817
     785
     811
     759
     806
     804
     836
     791
     834
     828
     841
     881
     833
     845
     901
     843
     874
     889
     884
     912
     954
     940
     969
    1005
     960
     996
     987
     951
    1065
    1108
    1065
    1063
    1108
    1134
    1034
    1120
    1078
    1117
    1198
    1110
    1144
    1149
    1185
    1163
    1181
    1155
    1256
    1162
    1204
    1297
    1245
    1274
    1294
    1219
    1292
    1288
    1315
    1315
    1355
    1287
    1316
    1347
    1335
    1381
    1381
    1435
    1358
    1342
    1383
    1365
    1391
    1458
    1423
    1407
    1430
    1480
    1405
    1457
    1503
    1498
    1506
    1479
    1573
    1575
    1533
    1574
    1598
    1590
    1542
    1726
    1697
    1651
    1680
    1706
    1705
    1689
    1757
    1787
    1757
    1728
    1824
    1762
    1813
    1754
    1828
    1710
    1776
    1674
    1737
    1697
    1714
    1754
    1707
    1765
    1713
    1670
    1650
    1655
    1665
    1661
    1690
    1663
    1687
    1659
    1592
    1608
    1565
    1553
    1494
    1614
    1496
    1493
    1493
    1375
    1469
    1514
    1421
    1419
    1467
    1420
    1383
    1359
    1394
    1379
    1360
    1312
    1335
    1400
    1264
    1332
    1290
    1248
    1262
    1271
    1246
    1240
    1214
    1186
    1196
    1183
    1142
    1172
    1131
    1137
    1112
    1087
     981
    1088
    1093
    1106
    1079
    1148
    1094
    1096
    1059
    1070
    1029
    1092
    1028
    1001
    1041
    1009
     911
     961
     987
     927
     903
     905
     949
     890
     889
     869
     840
     874
     831
     783
     777
     806
     761
     735
     773
     717
     694
     664
     680
     662
     632
     655
     620
     594
     632
     554
     550
     584
     532
     551
     572
     490
     510
     488
     469
     507
     501
     539
     467
     466
     442
     471
     434
     424
     455
     408
     474
     450
     437
     443
     429
     436
     406
     406
     456
     430
     427
     442
     400
     394
     399
     377
     405
     434
     424
     425
     384
     393
     429
     410
     397
     417
     395
     415
     410
     443
     394
     459
     451
     481
     475
     524
     550
     548
     569
     565
     633
     650
     693
     723
     796
     820
     822
     943
     982
    1147
    1094
    1230
    1258
    1382
    1468
    1517
    1627
    1705
    1875
    2024
    2040
    2052
    2284
    2297
    2488
    2537
    2576
    2770
    2771
    2859
    3022
    2998
    3082
    3173
    3233
    3301
    3235
    3214
    3355
    3246
    3096
    3314
    3104
    3051
    2994
    2975
    2996
    2755
    2687
    2634
    2628
    2439
    2413
    2273
    2175
    2094
    1912
    1816
    1679
    1641
    1529
    1449
    1329
    1297
    1180
    1136
    1021
     917
     836
     792
     763
     720
     711
     630
     583
     540
     466
     451
     409
     389
     357
     377
     327
     291
     309
     296
     274
     266
     230
     257
     226
     227
     221
     220
     192
     224
     216
     205
     206
     183
     195
     187
     198
     182
     201
     156
     177
     162
     179
     178
     184
     193
     180
     184
     185
     147
     169
     175
     160
     146
     171
     178
     162
     162
     146
     163
     157
     168
     156
     157
     160
     151
     173
     170
     166
     166
     134
     162
     174
     159
     157
     169
     172
     127
     112
     165
     125
     158
     174
     169
     155
     159
     159
     147
     166
     160
     150
     139
     157
     164
     158
     141
     151
     140
     160
     169
     149
     174
     161
     152
     169
     174
     162
     144
     180
     170
     178
     149
     158
     165
     156
     149
     159
     164
     158
     146
     165
     140
     157
     158
     142
     165
     149
     152
     161
     151
     164
     186
     152
     154
     148
     139
     157
     170
     179
     163
     161
     160
     146
     156
     161
     159
     162
     155
     140
     154
     139
     155
     176
     161
     136
     147
     161
     167
     172
     163
     185
     144
     146
     155
     150
     170
     148
     171
     155
     160
     155
     149
     173
     129
     133
     157
     167
     161
     186
     142
     147
     154
     149
     167
     167
     148
     165
     160
     147
     138
     165
     176
     170
     167
     170
     172
     156
     177
     137
     164
     154
     132
     163
     138
     173
     164
     180
     152
     158
     161
     191
     160
     167
     158
     180
     159
     186
     154
     158
     139
     165
     135
     165
     168
     145
     169
     152
     169
     150
     154
     158
     190
     168
     159
     168
     171
     151
     168
     177
     146
     176
     174
     157
     169
     160
     155
     177
     175
     168
     155
     170
     180
     154
     163
     194
     161
     196
     166
     171
     168
     179
     153
     151
     174
     148
     170
     174
     177
     184
     156
     175
     168
     179
     168
     192
     174
     166
     159
     187
     148
     173
     163
     172
     156
     162
     144
     151
     135
     167
     140
     153
     146
     144
     149
     151
     147
     137
     126
     129
     113
     126
     121
     153
     115
     114
     126
     116
     109
     129
     120
      93
      90
     123
     122
     112
     108
      96
     115
      99
      99
      91
      68
      97
      94
      97
      85
      92
      94
      66
      88
      84
      65
      80
      85
      68
      65
      62
      65
      66
      51
      66
      61
      57
      54
      52
      62
      50
      60
      47
      59
      58
      45
      48
      55
      51
      53
      49
      48
      63
      69
      50
      55
      55
      57
      50
      41
      50
      64
      56
      65
      45
      60
      59
      55
      63
      52
      45
      79
      68
      76
      54
      61
      75
      70
      73
      69
      86
      98
      94
      86
      92
      86
      92
     108
     109
     105
     111
     125
     115
     103
     120
     125
     149
     156
     138
     176
     165
     192
     163
     182
     184
     184
     180
     203
     231
     223
     256
     255
     217
     223
     257
     286
     266
     304
     290
     295
     319
     312
     372
     353
     334
     367
     343
     319
     400
     382
     346
     392
     394
     373
     369
     367
     381
     414
     376
     396
     363
     399
     396
     366
     375
     414
     364
     346
     371
     368
     345
     368
     325
     352
     296
     322
     346
     336
     317
     324
     275
     264
     274
     283
     258
     260
     251
     236
     253
     232
     193
     222
     191
     211
     191
     183
     184
     160
     171
     162
     150
     135
     149
     117
     123
     119
     111
     126
     109
      89
      90
      94
      83
      82
      75
      80
      57
      66
      85
      53
      53
      60
      47
      54
      43
      49
      49
      53
      39
      42
      41
      39
      27
      33
      31
      33
      36
      26
      42
      31
      26
      31
      36
      34
      28
      32
      27
      22
      25
      25
      24
      24
      23
      19
      21
      28
      22
      26
      14
      11
      19
      18
      24
      17
      20
      18
      28
      18
      23
      18
      18
      20
      13
      15
      14
      23
      13
      14
      16
      12
      15
      14
      11
      20
      14
      18
      14
      15
      18
      18
      10
      14
       7
      15
      14
      10
      10
      13
      14
      13
      18
      13
      12
      13
      17
       7
      12
       9
      15
      19
      15
      10
       9
      13
      12
      15
      15
      14
       8
      13
      12
       5
      15
       9
       9
       6
      10
      10
      13
      10
      10
       7
       8
      11
      10
       7
       5
       8
       7
       9
      10
      10
      10
       7
       6
      13
       5
      10
      16
       7
       7
       6
       5
       7
      60
      48
      53
      55
      60
      52
      66
      42
      57
      49
      50
      45
      44
      54
      49
      42
      50
      40
      56
      42
      61
      53
      51
      43
$ROI:
0
$PRESETS:
Real Time
180
0
$ENER_FIT:
0.000000 0.000000
$MCA_CAL:
3
0.000000E+000 0.000000E+000 0.000000E+000
$SHAPE_CAL:
3
0.000000E+000 0.000000E+000 0.000000E+000
