$SPEC_ID:
xxx
$SPEC_REM:
DET# 1
DETDESC# MULTICAN MCB 1
AP# Maestro Version 5.30
$DATE_MEA:
01/10/2000 00:25:37
$MEAS_TIM:
73 180
$DATA:
0 1023
       0
       0
       0
       0
   51242
  138474
   52031
   11907
    2408
     862
     752
     717
     678
     694
     741
     763
     713
     722
     703
     766
     773
     761
     765
     812
     812
     754
     812
     766
     800
     807
     862
     789
     770
     872
     835
     826
     832
     847
     874
     888
     862
     939
     887
     931
     936
     962
     958
     987
     939
     972
    1007
    1030
     999
    1053
    1050
    1080
    1092
    1119
    1176
    1120
    1118
    1156
    1178
    1188
    1142
    1163
    1091
    1141
    1210
    1224
    1225
    1283
    1277
    1217
    1251
    1316
    1273
    1307
    1373
    1343
    1356
    1326
    1387
    1440
    1366
    1347
    1359
    1385
    1378
    1421
    1357
    1443
    1458
    1487
    1431
    1416
    1431
    1429
    1478
    1474
    1476
    1519
    1555
    1481
    1514
    1485
    1562
    1563
    1627
    1578
    1721
    1682
    1666
    1713
    1710
    1733
    1711
    1669
    1785
    1742
    1838
    1751
    1797
    1772
    1840
    1711
    1729
    1764
    1711
    1797
    1695
    1677
    1790
    1734
    1628
    1659
    1670
    1643
    1662
    1625
    1607
    1644
    1566
    1558
    1546
    1580
    1543
    1564
    1475
    1533
    1542
    1444
    1446
    1446
    1480
    1455
    1491
    1385
    1409
    1409
    1395
    1348
    1308
    1347
    1264
    1324
    1300
    1260
    1322
    1256
    1291
    1320
    1262
    1203
    1174
    1211
    1139
    1147
    1171
    1178
    1208
    1099
    1107
    1120
    1085
    1168
    1132
    1101
    1128
    1116
    1077
     989
    1061
    1112
    1008
    1072
    1071
     984
    1028
    1041
     977
    1000
     986
     959
     965
     927
     921
     910
     890
     892
     887
     836
     819
     834
     831
     799
     785
     740
     757
     757
     680
     726
     679
     726
     681
     687
     647
     699
     653
     673
     575
     569
     580
     528
     600
     520
     577
     528
     534
     543
     517
     535
     537
     511
     482
     494
     489
     488
     436
     462
     517
     476
     439
     455
     455
     418
     495
     465
     491
     436
     467
     499
     485
     444
     440
     453
     431
     490
     437
     474
     461
     436
     471
     475
     440
     489
     430
     478
     448
     488
     419
     534
     443
     516
     508
     507
     529
     566
     576
     591
     605
     656
     639
     682
     719
     800
     813
     839
     897
     960
    1010
    1092
    1083
    1224
    1328
    1333
    1420
    1424
    1591
    1694
    1838
    1814
    1901
    2076
    2148
    2322
    2376
    2380
    2500
    2642
    2591
    2698
    2677
    2831
    2941
    2922
    2923
    2939
    2970
    2969
    3071
    3019
    2977
    2906
    2911
    2918
    2815
    2883
    2736
    2654
    2561
    2459
    2427
    2304
    2187
    2141
    2041
    1855
    1839
    1683
    1524
    1463
    1375
    1281
    1201
    1221
    1083
    1038
     912
     860
     779
     743
     678
     661
     632
     577
     537
     494
     432
     440
     438
     359
     355
     330
     337
     333
     284
     269
     259
     255
     239
     219
     238
     220
     221
     202
     205
     209
     192
     204
     211
     147
     200
     158
     174
     187
     201
     182
     178
     174
     177
     169
     172
     169
     182
     166
     163
     159
     193
     179
     176
     177
     181
     164
     163
     158
     157
     167
     171
     163
     173
     159
     150
     170
     171
     154
     168
     143
     166
     164
     168
     137
     160
     165
     142
     145
     159
     160
     148
     156
     180
     165
     165
     158
     143
     146
     169
     149
     158
     157
     153
     172
     170
     156
     167
     167
     158
     157
     154
     164
     140
     168
     165
     155
     155
     137
     165
     168
     165
     168
     164
     162
     145
     173
     143
     160
     157
     137
     165
     143
     153
     150
     153
     152
     145
     154
     167
     146
     161
     128
     150
     175
     151
     167
     149
     181
     148
     150
     135
     167
     139
     149
     144
     166
     144
     159
     146
     152
     149
     158
     149
     142
     155
     177
     174
     150
     142
     138
     138
     139
     147
     145
     140
     159
     154
     161
     136
     167
     174
     156
     168
     148
     155
     153
     151
     163
     146
     161
     164
     162
     169
     140
     151
     145
     148
     155
     148
     167
     170
     158
     160
     167
     138
     165
     154
     155
     168
     148
     154
     169
     144
     171
     149
     167
     166
     148
     181
     134
     171
     153
     159
     137
     174
     164
     165
     162
     141
     169
     162
     183
     167
     147
     161
     175
     152
     153
     155
     181
     167
     164
     142
     177
     169
     177
     159
     170
     158
     161
     179
     171
     173
     170
     175
     171
     161
     164
     162
     165
     155
     178
     185
     166
     183
     176
     187
     194
     155
     165
     156
     159
     173
     174
     167
     162
     129
     165
     145
     144
     177
     163
     158
     162
     166
     168
     179
     141
     150
     158
     176
     160
     147
     132
     143
     148
     143
     155
     144
     134
     123
     139
     158
     154
     130
     138
     120
     129
     120
     129
     112
     128
     109
     110
     131
     103
     111
     107
     100
      96
     100
      90
     104
     104
      96
      91
     115
     103
      87
      81
      98
      86
     114
      74
      87
      75
      83
      74
      77
      64
      72
      71
      71
      49
      59
      71
      61
      60
      64
      58
      69
      51
      60
      54
      52
      68
      51
      69
      62
      60
      50
      47
      51
      56
      43
      50
      45
      41
      45
      62
      49
      52
      76
      45
      62
      59
      54
      46
      49
      56
      46
      72
      60
      66
      62
      52
      73
      61
      71
      73
      79
      75
      71
      83
      82
      81
      79
      91
      94
     106
      97
     119
      97
      99
     109
     116
     140
     138
     148
     125
     158
     156
     154
     159
     161
     178
     176
     177
     194
     218
     194
     221
     236
     228
     236
     257
     250
     244
     274
     273
     266
     286
     276
     285
     327
     333
     310
     316
     349
     324
     339
     356
     352
     355
     357
     371
     310
     359
     339
     370
     357
     364
     391
     357
     380
     351
     369
     367
     326
     343
     355
     366
     361
     344
     308
     325
     292
     282
     298
     361
     300
     299
     290
     271
     275
     274
     245
     241
     240
     224
     232
     218
     220
     206
     174
     176
     203
     203
     199
     161
     169
     145
     147
     143
     143
     131
     105
     127
     105
      92
     105
      83
      89
      78
      74
      70
      95
      97
      66
      55
      64
      61
      59
      67
      59
      45
      49
      47
      37
      50
      37
      53
      45
      36
      32
      32
      38
      29
      36
      35
      26
      26
      19
      25
      29
      28
      30
      25
      13
      30
      24
      25
      28
      22
      17
      25
      15
      20
      18
      21
      15
      14
      16
      24
      12
      14
      16
      17
      19
      15
      14
      17
      15
      14
      15
      19
      13
      14
      15
      15
      20
      20
      17
      11
      18
      18
      22
      15
      18
      14
      23
      12
      16
      14
      21
       4
      19
      11
      13
      12
      14
      10
       8
       6
      13
       7
       9
      10
      11
      12
      14
      11
      13
      15
      14
       8
      11
      11
      17
       8
      12
      16
      10
       5
      14
       5
       9
       8
      10
       6
      10
      10
      10
      13
      10
      12
      11
       9
       8
       8
       9
      10
       8
       7
       7
       8
       5
      10
       5
       6
      11
       9
       7
       3
       6
       7
       5
       7
      11
       6
       4
       9
      41
      50
      54
      55
      51
      41
      46
      38
      53
      43
      54
      57
      48
      41
      47
      40
      58
      37
      42
      40
      45
      37
      47
      31
$ROI:
0
$PRESETS:
Real Time
180
0
$ENER_FIT:
0.000000 0.000000
$MCA_CAL:
3
0.000000E+000 0.000000E+000 0.000000E+000
$SHAPE_CAL:
3
0.000000E+000 0.000000E+000 0.000000E+000
