$SPEC_ID:
xxx
$SPEC_REM:
DET# 1
DETDESC# MCB 1
AP# Maestro Version 5.30
$DATE_MEA:
01/01/2000 03:40:00
$MEAS_TIM:
263 300
$DATA:
0 1023
       0
       0
       0
       0
       6
     324
     151
      88
      95
      76
      53
      65
      83
      69
      84
      78
      94
      85
     111
      90
     108
      92
     120
     128
     122
     136
     118
     137
     133
     138
     158
     147
     141
     172
     208
     194
     238
     233
     237
     285
     274
     261
     292
     325
     309
     315
     369
     376
     375
     385
     384
     394
     405
     408
     404
     400
     396
     366
     443
     402
     402
     397
     401
     389
     396
     372
     416
     418
     407
     363
     380
     364
     388
     393
     371
     410
     363
     359
     371
     356
     355
     394
     346
     400
     364
     308
     314
     317
     325
     304
     307
     310
     334
     297
     286
     320
     282
     278
     265
     263
     289
     287
     288
     271
     272
     274
     264
     269
     260
     241
     247
     247
     247
     257
     265
     232
     265
     202
     220
     238
     210
     212
     235
     239
     217
     215
     207
     200
     187
     234
     231
     206
     207
     196
     171
     205
     189
     187
     205
     176
     180
     168
     173
     163
     160
     158
     161
     152
     168
     138
     163
     143
     142
     153
     145
     124
     146
     129
     127
     127
     117
     103
     130
     115
     129
     125
     123
     128
     126
     110
      94
     108
     114
     109
     115
      81
     116
      95
     102
      97
     103
      94
     109
      96
     109
      97
      90
      96
      94
     108
      90
      87
     104
      84
      87
      73
      84
      89
      74
      87
      83
      72
      73
      74
      67
      65
      48
      70
      77
      64
      64
      73
      46
      50
      55
      53
      47
      69
      51
      47
      51
      62
      55
      55
      45
      50
      51
      43
      45
      30
      51
      60
      44
      53
      45
      68
      52
      52
      46
      43
      36
      49
      40
      49
      51
      46
      39
      49
      28
      40
      42
      36
      39
      34
      56
      24
      45
      55
      32
      41
      47
      41
      45
      47
      45
      54
      52
      62
      74
      41
      56
      57
      71
      73
      78
      67
      77
      75
      77
      97
      73
      86
      92
      94
      95
      67
     111
      97
     111
     115
     113
     105
     112
     117
     111
     117
     111
     116
     115
     115
     123
     134
     125
     107
      84
     100
     100
      92
     106
      94
      68
      79
      66
      88
      78
      59
      63
      59
      66
      49
      54
      57
      45
      42
      31
      43
      37
      34
      21
      25
      30
      38
      25
      31
      32
      30
      22
      31
      29
      26
      32
      21
      25
      25
      32
      26
      24
      19
      31
      27
      26
      20
      27
      15
      21
      30
      19
      20
      12
      22
      22
      16
      26
      14
      33
      22
      23
      10
      22
      21
      21
      19
      25
      18
      21
      16
      12
      19
      22
      12
      15
      17
      24
      17
      22
      11
      23
       8
      11
      22
      15
      12
      14
      15
      19
      16
      10
      24
      21
      16
      14
      17
      14
      13
      15
      14
      21
      24
      18
      16
      16
      18
      10
      13
      18
      17
      18
      15
      18
      21
       9
      17
      11
      12
      16
      18
      13
       8
      18
      15
      13
      12
      16
      15
      17
      28
      16
      15
      21
      13
      11
      23
      16
      15
      17
      17
      12
      20
      17
      14
      13
      10
      23
      14
       9
      16
      15
      16
       9
       9
      17
       9
      10
      17
      16
      11
      13
      12
      15
      17
      15
      20
      12
      18
       7
      17
      16
      14
      11
      22
      14
       4
      16
      11
      14
      16
      20
       9
      12
      10
      17
      19
      12
       9
      15
      12
      20
      10
      14
      16
      12
      13
      14
      15
      16
      14
      17
      11
      18
      20
      14
      15
      14
      29
      14
      17
      13
      16
      18
      13
      12
      23
      15
      22
      15
      15
      16
      22
      16
      18
      13
      11
      20
       8
      15
      10
      15
      20
       8
      14
      13
      15
      14
      11
      22
      14
      13
      19
      12
       9
      16
       9
      13
       9
      10
      15
      16
      11
      10
      12
      11
      10
       8
       9
      10
       9
      15
      12
      14
       7
      14
       7
       7
      14
      13
      13
      12
      12
       9
      15
      15
      10
      12
      11
       7
      12
       8
      15
      10
       5
       5
       7
       7
      17
      11
      14
       9
       9
      15
      10
      12
       4
       9
      15
      14
       9
      12
       7
       3
       8
       9
       6
       9
      17
       4
      11
       7
      11
       6
      14
      10
       9
      10
      12
      12
      10
      10
      11
       6
      11
       5
      12
       9
       6
       9
       9
       7
       5
       6
      11
      11
       9
       4
       6
       6
      11
       8
       4
      13
       6
       8
       8
       7
       8
       7
       5
       6
       7
       8
      10
      14
       5
      11
       5
       9
       5
       4
       9
       6
      11
       9
      14
       7
      11
      10
       8
      12
       7
      11
       8
      12
      16
       8
      10
      16
       9
      15
      17
      10
      15
      18
      11
      16
      13
       8
      13
      15
       7
      20
      10
      11
      14
      11
      15
       9
       8
      18
      19
      16
      13
      19
      14
      20
      17
      11
      16
      19
      11
      19
      17
      11
      19
       7
      12
      12
      14
      12
      16
      15
       7
      13
      17
      11
      14
      20
      12
      11
      10
       9
       6
      11
      11
       7
      13
      10
       6
      10
      14
       9
       6
       9
      10
      12
      10
       8
      10
      11
       3
       8
      13
       5
       6
       5
       6
       7
       8
       3
       5
       3
       8
       6
       7
       5
       6
       0
       8
       5
      10
       8
       7
       7
       8
       5
       2
       4
       3
       4
       5
       2
       6
       5
       6
       5
       6
       7
       9
       2
       4
       2
       7
       6
       6
       7
       9
       7
       4
       5
      12
       9
       7
       3
       6
       6
       5
       2
       3
       8
       8
       1
       6
      12
       7
       8
       8
       6
       3
       2
       4
       5
       6
       4
       2
       7
       4
       3
       8
       6
       2
       5
       3
       4
       4
       3
       2
       6
       3
       7
       3
       4
       0
       0
       7
       5
       7
       5
       4
       2
       2
       2
       5
       2
       5
       1
       3
       0
       0
       1
       3
       3
       2
       5
       3
       1
       3
       4
       1
       1
       5
       1
       1
       0
       1
       2
       3
       4
       2
       1
       2
       3
       6
       2
       4
       2
       3
       0
       4
       2
       3
       1
       2
       3
       0
       0
       0
       3
       1
       2
       3
       1
       3
       3
       2
       0
       1
       1
       1
       2
       1
       1
       3
       3
       2
       3
       1
       2
       2
       2
       0
       4
       4
       3
       2
       2
       2
       0
       1
       0
       2
       3
       1
       1
       2
       1
       0
       0
       0
       0
       2
       3
       1
       4
       1
       1
       0
       0
       1
       1
       1
       0
       1
       1
       1
       1
       1
       0
       1
       0
       1
       0
       3
       2
       2
       0
       1
       1
       2
       0
       2
       0
       0
       1
       0
       1
       0
       2
       3
       0
       3
       3
       0
       2
       2
       1
       1
       3
       0
       1
       2
       2
       1
      23
      26
      18
      18
      20
      21
      18
      25
      24
      16
      22
      14
      17
      24
      28
      10
      19
      15
      19
      20
      22
      17
      20
      17
$ROI:
0
$PRESETS:
Real Time
300
0
$ENER_FIT:
0.000000 0.000000
$MCA_CAL:
3
0.000000E+000 0.000000E+000 0.000000E+000
$SHAPE_CAL:
3
0.000000E+000 0.000000E+000 0.000000E+000
